---,SkillClass,CharacterTag,Animation,AnimationOverride,MaximumSkillLevel,MinimumSkillLevel,EmberWeaponUnlockLevel,bShowSkillLevel,GameplayTags,ExclusiveTags,RequiredSkillTab,RequiredLevelInSkillTab,TraitMode,TraitString,PerLevelDisplayTexts,PerLevelDisplayCategories,TraitCurve1,TraitCurve2,TraitCurve3,TraitCurve4,Tier1TraitString,Tier1DisplayText,Tier2TraitString,Tier2DisplayText,Tier3TraitString,Tier3DisplayText,bCanNeverBeUnlocked,bHiddenBehindCheats,SkillPanelRow,SkillPanelColumn,TryStatusEffect,TryDuration,DefaultSkillSet,DefaultSkillSlot,Notes
DM_HolyBolt,"/Game/Skills/Blueprints/DuskMage/Skill_holybolt.Skill_holybolt_C","Character.Player.DuskMage","Default","None","10","0","0","True","(GameplayTags=((TagName=""Skill.DuskMage.Light""),(TagName=""Skill.Active"")))","(GameplayTags=)","(RowName=""DM_Light"")","1","Default","SkillDamageFactorMultiplier|DM_HolyBolt=0.0425","(NSLOCTEXT(""SkillsTable"", ""5710D4F84FDA95C34EC4ADBDE1CB551F"", ""Holy Bolt Damage""))","","PerLevelByOnes","None","None","None","SkillModifier|Skill.DuskMage.Milestone.HolyBolt1=1","NSLOCTEXT(""SkillsTable"", ""A6FB643C42090EF41C9642B86FF21276"", ""While Holy Charged, fire 2 Holy Bolts"")","DamagePctBySkillTag|Skill.DuskMage.Light=0.2","NSLOCTEXT(""SkillsTable"", ""28919A554B5A19F68B7B389E49B45F27"", ""+20% Light Skill damage"")","SkillModifier|Skill.DuskMage.Milestone.HolyBolt2=1","NSLOCTEXT(""SkillsTable"", ""ACE7398147B0B88904157AA864035EB2"", ""Every 3rd cast fires a larger Bolt that deals double damage"")","False","False","1","0","(RowName="""")","30.000000","Default","Skill00",""
DM_UnholyBolt,"/Game/Skills/Blueprints/DuskMage/Skill_unholybolt.Skill_unholybolt_C","Character.Player.DuskMage","Default","None","10","0","0","True","(GameplayTags=((TagName=""Skill.DuskMage.Dark""),(TagName=""Skill.Active"")))","(GameplayTags=)","(RowName=""DM_Dark"")","1","Default","SkillDamageFactorMultiplier|DM_UnholyBolt=0.1","(NSLOCTEXT(""SkillsTable"", ""5CD0748C45795B54FD3D61B5E990F191"", ""Unholy Bolt Damage""))","","PerLevelByOnes","None","None","None","SkillModifier|Affix.Legendary.DuskMage.UnholyBoltExtraProjectiles=1","NSLOCTEXT(""SkillsTable"", ""90948F204FBFE976111B2FA0343867F5"", ""Adds 1 more Bolt to each cast"")","DamagePctBySkillTag|Skill.DuskMage.Dark=.2","NSLOCTEXT(""SkillsTable"", ""FF5FB52944AE79C534A664BB03499A33"", ""+20% Dark Skill damage"")","SkillModifier|Affix.Legendary.DuskMage.UnholyBoltExtraProjectiles=2","NSLOCTEXT(""SkillsTable"", ""547BB08C4316F0C2046486A6D496AF94"", ""Adds 2 more Bolts to each cast"")","False","False","0","0","(RowName="""")","30.000000","Default","Skill00",""
DM_HolyFury,"/Game/Skills/Blueprints/DuskMage/Skill_HolyFury.Skill_HolyFury_C","Character.Player.DuskMage","Default","None","10","0","0","True","(GameplayTags=((TagName=""Skill.DuskMage.Light""),(TagName=""Skill.Active"")))","(GameplayTags=)","(RowName=""DM_Light"")","5","Default","SkillDamageFactorMultiplier|DM_HolyFury=0.0425","(NSLOCTEXT(""SkillsTable"", ""B721BC4347DD537E554CB1ACB7F22DED"", ""Holy Fury Damage""))","","PerLevelByOnes","PerLevelByOnes","None","None","EnergyCostPctBySkillName|DM_HolyFury=-0.3","NSLOCTEXT(""SkillsTable"", ""AAE6E1064435B05395E38F8785B2B8FC"", ""-30% Holy Fury Mana Cost"")","CriticalHitChanceForType|Skill.DuskMage.Light=.1","NSLOCTEXT(""SkillsTable"", ""349683E24AE58BC2593766A74B2FE200"", ""+10% Critical Hit Chance for Light Skills"")","EnergyCostPctBySkillName|DM_HolyFury=-0.3","NSLOCTEXT(""SkillsTable"", ""DE1965A349EBDE1AC7555ABF29B42570"", ""Holy Fury is doubled in width"")","False","False","0","1","(RowName=""TrySkill_DM_HolyFury"")","30.000000","Default","Skill00",""
DM_LuminousRun,"/Game/Skills/Blueprints/DuskMage/Skill_LuminousRun.Skill_LuminousRun_C","Character.Player.DuskMage","Default","None","10","0","0","True","(GameplayTags=((TagName=""Skill.DuskMage.Light""),(TagName=""Skill.Active""),(TagName=""Skill.Cooldown.DuskMage"")))","(GameplayTags=)","(RowName=""DM_Light"")","10","Default","DurationPctBySkillName|DM_LuminousRun=0.085","(NSLOCTEXT(""SkillsTable"", ""8BB6AFE045072971D2B7BA91302295AD"", ""Luminous Run Duration""))","","PerLevelByOnes","None","None","None","SkillModifier|Skill.DuskMage.Milestone.LuminousRun1=1","NSLOCTEXT(""SkillsTable"", ""9D2115614EB1361138232EA2982B7D4A"", ""Activating Luminous Run heals you for 10% of your total Health"")","DamagePctBySkillTag|Skill.EmberWeapon.Active=0.2","NSLOCTEXT(""SkillsTable"", ""94AB2B23463A3D566E513D924A88981C"", ""+20% Relic Active Skill damage"")","SkillModifier|Skill.DuskMage.Milestone.LuminousRun2=1","NSLOCTEXT(""SkillsTable"", ""BA0ABB424F746A435867B7AC6D50D629"", ""Casting Luminous Run makes you immune to damage for 1 sec."")","False","False","2","3","(RowName=""TrySkill_DM_LuminousRun"")","30.000000","Default","Skill00",""
DM_Entropy,"/Game/Skills/Blueprints/DuskMage/Skill_Entropy.Skill_Entropy_C","Character.Player.DuskMage","Default","None","10","0","0","True","(GameplayTags=((TagName=""Skill.DuskMage.Dark""),(TagName=""Skill.Active"")))","(GameplayTags=)","(RowName=""DM_Dark"")","20","Default","SkillDamageFactorMultiplier|DM_Entropy=0.1","(NSLOCTEXT(""SkillsTable"", ""289763F5435E84EBBE1D2B8D283B427F"", ""Entropy Damage""))","","PerLevelByOnes","None","None","None","SkillModifier|Skill.DuskMage.Milestone.Entropy1=1","NSLOCTEXT(""SkillsTable"", ""F0FB2ADE411C46E344555A9887475A1E"", ""Entropy lasts 100% longer and 75% slower"")","CriticalHitChanceForType|Skill.DuskMage.Dark=.1","NSLOCTEXT(""SkillsTable"", ""F9481D7845C2270B1FC777ADA4DBC468"", ""10% Critical Hit Chance for Dark Skills"")","SkillModifier|Skill.DuskMage.Milestone.Entropy2=1;EnergyCostPctBySkillName|DM_Entropy=0.3","NSLOCTEXT(""SkillsTable"", ""B476FC274573D22AF8A80F9EB26993DA"", ""Entropy triggers Dark Explosions for the skill\'s current Weapon Damage but costs 30% more Mana"")","False","False","0","4","(RowName=""TrySkill_DM_Entropy"")","30.000000","Default","Skill00",""
DM_DarkSpears,"/Game/Skills/Blueprints/DuskMage/Skill_Darkspears.Skill_Darkspears_C","Character.Player.DuskMage","Default","None","10","0","0","True","(GameplayTags=((TagName=""Skill.DuskMage.Dark""),(TagName=""Skill.Active""),(TagName=""Skill.Cooldown.DuskMage"")))","(GameplayTags=)","(RowName=""DM_Dark"")","1","Default","SkillDamageFactorMultiplier|DM_DarkSpears=0.1","(NSLOCTEXT(""SkillsTable"", ""50D479DD4BD38BBD0BEB87B0026037D2"", ""Dark Spears Damage""))","","PerLevelByOnes","PerLevelByOnes","None","None","DurationPctBySkillName|DM_DarkSpears=0.5","NSLOCTEXT(""SkillsTable"", ""4BAFBDFD49C6FA8488DB2F91CA6F9B2A"", ""+50% duration for Dark Spears"")","CooldownPctBySkillTag|Skill.Cooldown.DuskMage=-.1","NSLOCTEXT(""SkillsTable"", ""2442E74B43BE6EDCEA9C73A891AA3690"", ""-10% cooldown for Dusk Mage Skills"")","SkillModifier|Skill.DuskMage.Milestone.Darkspears2=1","NSLOCTEXT(""SkillsTable"", ""18B1DACE45E6E87C580AAE9CB2B2E451"", ""Dark Spears now immediately hits the area for 100% Weapon Damage"")","False","False","2","0","(RowName=""TrySkill_DM_DarkSpears"")","30.000000","Default","Skill00",""
DM_Absolver,"/Game/Skills/Blueprints/DuskMage/Skill_Absolver.Skill_Absolver_C","Character.Player.DuskMage","Default","None","10","0","0","True","(GameplayTags=((TagName=""Skill.DuskMage.Light""),(TagName=""Skill.Active"")))","(GameplayTags=)","(RowName=""DM_Light"")","20","Default","SkillDamageFactorMultiplier|DM_Absolver=0.085;","(NSLOCTEXT(""SkillsTable"", ""7BBD7085457935F08F5CE28388E3A2E4"", ""Absolver Damage""))","(NSLOCTEXT(""SkillsTable"", ""DM_Absolver_PerLevelDisplayCategories_Index0"", """"),NSLOCTEXT(""SkillsTable"", ""B8ECEB88488EF7536CA21D90C136A3B2"", ""Dark Skills""))","PerLevelByOnes","none","None","None","EnergyCostPctBySkillName|DM_Absolver=-.25;SkillModifier|Skill.DuskMage.Milestone.Absolver1=1","NSLOCTEXT(""SkillsTable"", ""400532EA4270B07D83CC268DAA03C6D3"", ""Absolver\'s missiles travel 25% farther and cost 25% less Mana to Cast"")","DamagePctByStatusEffectTag|StatusEffect.Blinded=.1;DamagePctByStatusEffectTag|StatusEffect.Slow=.1;DamagePctByStatusEffectTag|StatusEffect.Stunned=.1","NSLOCTEXT(""SkillsTable"", ""20523E634D3FA438804C38871438666D"", ""+10% damage to Blinded, Slowed, or Stunned enemies"")","SkillModifier|Skill.DuskMage.Milestone.Absolver2=1","NSLOCTEXT(""SkillsTable"", ""CFFD02C141B5817D7FFFACB343C9F2CF"", ""Absolver now fires 5 missiles"")","False","False","1","4","(RowName=""TrySkill_DM_Absolver"")","30.000000","Default","Skill00",""
DM_RadiantBlast,"/Game/Skills/Blueprints/DuskMage/Skill_RadiantBlast.Skill_RadiantBlast_C","Character.Player.DuskMage","Default","None","10","0","0","True","(GameplayTags=((TagName=""Skill.DuskMage.Light""),(TagName=""Skill.Active"")))","(GameplayTags=)","(RowName=""DM_Light"")","15","Default","SkillDamageFactorMultiplier|DM_RadiantBlast=0.042","(NSLOCTEXT(""SkillsTable"", ""4613307D4E13235677B22BA070E1130B"", ""Radiant Blast Damage""))","","PerLevelByOnes","None","None","None","SkillModifier|Skill.DuskMage.Milestone.RadiantBlast1=1","NSLOCTEXT(""SkillsTable"", ""70ED43354216BA697CE3018601B47DA8"", ""Infused enemies explode on death for 100% Weapon Damage"")","DamagePctBySkillTag|Skill.BasicAttack=.3","NSLOCTEXT(""SkillsTable"", ""A92233F24E43FD3E99FC108BCF2A8F10"", ""+30% damage for Basic Attacks"")","SkillModifier|Skill.DuskMage.Milestone.RadiantBlast2=1","NSLOCTEXT(""SkillsTable"", ""4DD9DE7247FAD9B03056979E5CE3E55B"", ""Exploding infused enemies infuse those they hit"")","False","False","0","3","(RowName=""TrySkill_DM_RadiantBlast"")","30.000000","Default","Skill00",""
DM_SpiritWell,"/Game/Skills/Blueprints/DuskMage/Skill_SpiritWell.Skill_SpiritWell_C","Character.Player.DuskMage","Default","None","10","0","0","True","(GameplayTags=((TagName=""Skill.Active""),(TagName=""Skill.DuskMage.Dark""),(TagName=""Skill.Cooldown.DuskMage"")))","(GameplayTags=)","(RowName=""DM_Dark"")","10","Default","SkillDamageFactorMultiplier|DM_SpiritWell=0.1","(NSLOCTEXT(""SkillsTable"", ""30BE9E62443BD08B5C2F7CBD9B66B388"", ""Spirit Well Minion Damage""))","(NSLOCTEXT(""SkillsTable"", ""DM_SpiritWell_PerLevelDisplayCategories_Index0"", """"),NSLOCTEXT(""SkillsTable"", ""19F3D0B74870DE6AEFB101B6FF419902"", ""Dark Skills""))","PerLevelByOnes","None","None","None","SkillModifier|Skill.DuskMage.Milestone.SpiritWell1=1","NSLOCTEXT(""SkillsTable"", ""28D63BCF45E2708BA0496CBD93DE8192"", ""Adds a spectral Netherim Warrior to the Spirit Well"")","DamagePctBySkillTag|Skill.Pet=.65","NSLOCTEXT(""SkillsTable"", ""230BB84945339D729DF83CA6A33F6854"", ""+65% damage for Pets"")","SkillModifier|Skill.DuskMage.Milestone.SpiritWell2=1","NSLOCTEXT(""SkillsTable"", ""73C819E54CC7D75DB2456B99F6667E24"", ""Adds a spectral Netherim Brute to the Spirit Well"")","False","False","0","2","(RowName=""TrySkill_DM_SpiritWell"")","30.000000","Default","Skill00",""
DM_Consecration,"/Game/Skills/Blueprints/DuskMage/Skill_Consecration.Skill_Consecration_C","Character.Player.DuskMage","Default","None","10","0","0","True","(GameplayTags=((TagName=""Skill.DuskMage.Light""),(TagName=""Skill.Active""),(TagName=""Skill.Cooldown.DuskMage"")))","(GameplayTags=)","(RowName=""DM_Light"")","5","Default","RandomBonusPctBySkillName|DM_Consecration=.05","(NSLOCTEXT(""SkillsTable"", ""3C6E7DB84B0C5BA8DC3836A22E0F48DF"", ""Consecration Buff Damage Bonus""))","","PerLevelByOnes","None","None","None","SkillModifier|Skill.DuskMage.Milestone.Consecration1=1","NSLOCTEXT(""SkillsTable"", ""D9BA19104458EE90C48A208A32318E10"", ""Consecration is 25% larger and knocks back enemies"")","ProcChance|PotionIntangible=.025","NSLOCTEXT(""SkillsTable"", ""9DB6BA564975DC74E6BD75BE54C2C1C2"", ""25% chance to become Intangible on Potion use"")","SkillModifier|Skill.DuskMage.Milestone.Consecration2=1","NSLOCTEXT(""SkillsTable"", ""B96CDD48426BED8D3A7906B6DBD390E4"", ""Consecration heals 3% total Health per second"")","False","False","2","1","(RowName=""TrySkill_DM_Consecration"")","30.000000","Default","Skill00",""
DM_Damnation,"/Game/Skills/Blueprints/DuskMage/Skill_Damnation.Skill_Damnation_C","Character.Player.DuskMage","Default","None","10","0","0","True","(GameplayTags=((TagName=""Skill.Active""),(TagName=""Skill.DuskMage.Dark""),(TagName=""Skill.Cooldown.DuskMage"")))","(GameplayTags=)","(RowName=""DM_Dark"")","15","Default","DurationPctBySkillName|DM_Damnation=.0425","(NSLOCTEXT(""SkillsTable"", ""86E6B38441BEC53DC68336AD02120069"", ""Damnation Duration""))","","PerLevelByOnes","None","None","None","SkillModifier|Skill.DuskMage.Milestone.Damnation1=1","NSLOCTEXT(""SkillsTable"", ""51F795474888A6252C65A095A3D6B6DB"", ""Hitting an enemy affected by Damnation returns 5% Mana (1 sec. Cooldown)"")","CooldownPctBySkillTag|Skill.Emberweapon=-.2","NSLOCTEXT(""SkillsTable"", ""45074CC64BB5A213AD9D43AF0F67A260"", ""-20% to Relic Active Skill Cooldowns"")","SkillModifier|Skill.DuskMage.Milestone.Damnation2=1","NSLOCTEXT(""SkillsTable"", ""472927E14B4069BB73C810881028F5FF"", ""Damnation Immobilizes enemies for 1 sec."")","False","False","1","3","(RowName="""")","30.000000","Default","Skill00",""
DM_ShadowStep,"/Game/Skills/Blueprints/DuskMage/Skill_ShadowStep.Skill_ShadowStep_C","Character.Player.DuskMage","Default","None","10","0","0","True","(GameplayTags=((TagName=""Skill.DuskMage.Dark""),(TagName=""Skill.Active""),(TagName=""Skill.Cooldown.DuskMage"")))","(GameplayTags=)","(RowName=""DM_Dark"")","5","Default","CooldownPctBySkillName|DM_Shadowstep=-.0205","(NSLOCTEXT(""SkillsTable"", ""355AE97B43CED575E002848D40B5DD64"", ""Shadowstep Cooldown""))","(NSLOCTEXT(""SkillsTable"", ""DM_ShadowStep_PerLevelDisplayCategories_Index0"", """"),NSLOCTEXT(""SkillsTable"", ""6589F09F475E30283CC37EBDB10C7BF4"", ""Consecration""))","PerLevelByOnes","None","None","None","SkillModifier|Skill.DuskMage.Milestone.ShadowStep1=1","NSLOCTEXT(""SkillsTable"", ""B415D0854C5E91497BBBECB0ADC8BDB3"", ""Hit enemies at starting location and gain 5% Mana per enemy hit"")","Energy.Regen.Multiplier=.15","NSLOCTEXT(""SkillsTable"", ""EB762AD74C6E2AE5B59D3B9BB31764E2"", ""15% increased Mana Regeneration"")","ShadowStepCharges.Max=1","NSLOCTEXT(""SkillsTable"", ""4A8B511C4B24388A2C9A24BFBD1C768A"", ""Shadowstep now has 4 charges"")","False","False","1","1","(RowName="""")","30.000000","Default","Skill00",""
DM_LightSpear,"/Game/Skills/Blueprints/DuskMage/Skill_Lightspear.Skill_Lightspear_C","Character.Player.DuskMage","Default","None","10","0","0","True","(GameplayTags=((TagName=""Skill.Active""),(TagName=""Skill.DuskMage.Light"")))","(GameplayTags=)","(RowName=""DM_Light"")","10","Default","SkillDamageFactorMultiplier|DM_LightSpear=0.255","(NSLOCTEXT(""SkillsTable"", ""43605C63405A59913CA7D590536E0A96"", ""Light Spear Damage""))","(NSLOCTEXT(""SkillsTable"", ""DM_LightSpear_PerLevelDisplayCategories_Index0"", """"),NSLOCTEXT(""SkillsTable"", ""D190F8A949B47757D9F95A8B687D38AD"", ""Light Skills""))","PerLevelByOnes","None","None","None","SkillModifier|SKill.DuskMage.Milestone.LightSpear1=1","NSLOCTEXT(""SkillsTable"", ""8C750BD240C438752C0C05B6B81583C8"", ""While Holy Charged, heal 3% total Health per enemy hit with Light Spear"")","MiscBonusBySkillName|DM_LightSpear=.5","NSLOCTEXT(""SkillsTable"", ""54D9D25D467CC70DEBADD48C4AA5E368"", ""+50% Holy Charge duration"")","SkillModifier|Skill.DuskMage.Milestone.LightSpear2=1","NSLOCTEXT(""SkillsTable"", ""C9B12F394C4FC95DEEA43DA3B3D05C88"", ""While Unholy Charged, throw a 2nd Dark Spear"")","False","False","1","2","(RowName="""")","30.000000","Default","Skill00",""
DM_EnergySpike,"/Game/Skills/Blueprints/DuskMage/Skill_EnergySpike.Skill_EnergySpike_C","Character.Player.DuskMage","Default","None","10","0","0","True","(GameplayTags=((TagName=""Skill.Active""),(TagName=""Skill.DuskMage.Dark"")))","(GameplayTags=)","(RowName=""DM_Dark"")","10","Default","SkillDamageFactorMultiplier|DM_EnergySpike=0.042","(NSLOCTEXT(""SkillsTable"", ""B20FDAB148008720E89908B2E0C4F670"", ""Energy Spike Damage""))","(NSLOCTEXT(""SkillsTable"", ""DM_EnergySpike_PerLevelDisplayCategories_Index0"", """"),NSLOCTEXT(""SkillsTable"", ""6AAF28054D17623F84E8C9A572BDBE00"", ""Light Skills""))","PerLevelByOnes","None","None","None","SkillModifier|Skill.DuskMage.Milestone.EnergySpike1=1","NSLOCTEXT(""SkillsTable"", ""01640B004A71EA486A7806BE4A0B700D"", ""When Unholy Charged, you fire an extra Energy Spike"")","MiscBonusBySkillName|DM_EnergySpike=0.5","NSLOCTEXT(""SkillsTable"", ""6F431A94414AA5FB464ADF90B807D477"", ""+50% Unholy Charge duration"")","SkillModifier|Skill.DuskMage.Milestone.EnergySpike2=1","NSLOCTEXT(""SkillsTable"", ""A57859BA4858E0F18CEC8E8B60E5C8A9"", ""If Holy Charged, you fire an extra Energy Spike"")","False","False","2","2","(RowName=""TrySkill_DM_EnergySpike"")","30.000000","Default","Skill00",""
Forged_RapidFire,"/Game/Skills/Blueprints/Forged/Skill_Forged_ShootCannon.Skill_Forged_ShootCannon_C","Character.Player.Forged","Default","None","10","0","0","True","(GameplayTags=((TagName=""Skill.Forged.Ranged""),(TagName=""Skill.Active""),(TagName=""Skill.Forged.GeneratesHeat"")))","(GameplayTags=)","(RowName=""Forged_Ranged"")","1","Default","SkillDamageFactorMultiplier|Forged_RapidFire=0.0425;","(NSLOCTEXT(""SkillsTable"", ""8AAEAB274BA347459F1316B39A92EE41"", ""Rapid Fire Damage""))","","PerLevelByOnes","None","None","None","SkillModifier|Skill.Forged.Milestone.RapidFire1=1","NSLOCTEXT(""SkillsTable"", ""950A785A4FE1C1876526EEB46EE71812"", ""Rapid Fire Boost can stack 3 more times"")","DamagePctBySkillTag|Skill.Forged.Ranged=0.2","NSLOCTEXT(""SkillsTable"", ""2BACFDB34ABF3772E38DEBB3001B01D4"", ""+20% Barrage Skill damage"")","SkillModifier|Skill.Forged.Milestone.RapidFire2=1","NSLOCTEXT(""SkillsTable"", ""0B8AB234438C69305285CEA51874ACD8"", ""Every 10th shot of Rapid Fire also shoots a Slug Shot, dealing Rapid Fire\'s current Weapon Damage"")","False","False","1","0","(RowName="""")","30.000000","Default","Skill00",""
Forged_RapidStrike,"/Game/Skills/Blueprints/Forged/Skill_Forged_RapidStrike.Skill_Forged_RapidStrike_C","Character.Player.Forged","Default","None","10","0","0","True","(GameplayTags=((TagName=""Skill.Active""),(TagName=""Skill.Forged.GeneratesHeat""),(TagName=""Skill.Forged.Melee""),(TagName=""Skill.Forged.RapidStrike"")))","(GameplayTags=)","(RowName=""Forged_Melee"")","1","Default","SkillDamageFactorMultiplier|Forged_RapidStrike=0.068","(NSLOCTEXT(""SkillsTable"", ""8A742961437EBD7BA771099049112639"", ""Rapid Strike Damage""))","","PerLevelByOnes","None","None","None","SkillModifier|Skill.Forged.Milestone.RapidStrike1=1","NSLOCTEXT(""SkillsTable"", ""56D7500F4FFB8708CB4B5181178B4CF9"", ""Rapid Strike hits an additional time"")","DamagePctBySkillTag|Skill.Forged.Melee=0.2","NSLOCTEXT(""SkillsTable"", ""6D504D1E412B9A2D452CD2A086121CD1"", ""+20% Brawl Skills damage"")","AttackSpeedBonusMult|Skill.Forged.Rapidstrike=.3","NSLOCTEXT(""SkillsTable"", ""6DDD6053456AC472F422DF8ACF196ABA"", ""Rapid Strike attack speed is increased by +30%"")","False","False","0","0","(RowName=""TrySkill_Forged_RapidStrike"")","30.000000","Default","Skill00",""
Forged_RocketBarrage,"/Game/Skills/Blueprints/Forged/Skill_Forged_RocketBarrage.Skill_Forged_RocketBarrage_C","Character.Player.Forged","Default","None","10","0","0","True","(GameplayTags=((TagName=""Skill.Forged.Ranged""),(TagName=""Skill.Active""),(TagName=""Skill.Forged.Vent""),(TagName=""Skill.Cooldown.Forged"")))","(GameplayTags=)","(RowName=""Forged_Ranged"")","5","Default","SkillDamageFactorMultiplier|Forged_RocketBarrage=0.068;","(NSLOCTEXT(""SkillsTable"", ""3E1C582243A87B9D1DE7BB9B54B73765"", ""Coal Launch Damage""))","","PerLevelByOnes","None","None","None","SkillModifier|Skill.Forged.Milestone.CoalLaunch1=1","NSLOCTEXT(""SkillsTable"", ""2785F4D147E18E224834EA95A8BC996A"", ""Coal Launch fires an additional large coal that hits for a second impact on the targeted position for Coal Launch\'s current Weapon Damage"")","DamagePctByStatusEffectTag|StatusEffect.Burning=.25","NSLOCTEXT(""SkillsTable"", ""F8DAF5314917CF8654C9578E97811DE7"", ""+25% damage to Burning enemies"")","SkillModifier|Skill.Forged.Milestone.CoalLaunch2=1","NSLOCTEXT(""SkillsTable"", ""2EE9330147ADAE90B9E04C86915B26C4"", ""Increase the size of the burning Coal Launch area by 50%"")","False","False","0","1","(RowName=""TrySkill_Forged_RocketBarrage"")","30.000000","Default","Skill00",""
Forged_Lodestone,"/Game/Skills/Blueprints/Forged/Skill_Forged_Lodestone.Skill_Forged_Lodestone_C","Character.Player.Forged","Default","None","10","0","0","True","(GameplayTags=((TagName=""Skill.Forged.Melee""),(TagName=""Skill.Active""),(TagName=""Skill.Forged.Vent""),(TagName=""Skill.Cooldown.Forged"")))","(GameplayTags=)","(RowName=""Forged_Melee"")","1","Default","CooldownPctBySkillName|Forged_Lodestone=-.0425","(NSLOCTEXT(""SkillsTable"", ""4E3ABE4F41706AF8E370F18F1D401AC6"", ""Vortex Bomb Cooldown""))","","PerLevelByOnes","None","None","None","SkillModifier|Skill.Forged.Milestone.VortexBomb1=1","NSLOCTEXT(""SkillsTable"", ""528987974A77EA5D59AB778BDED117D9"", ""Double Armor Bonus lasts for 4 sec. after using Vortex Bomb"")","RandomBonusPctBySkillName|Forged_RammingRobot=.2","NSLOCTEXT(""SkillsTable"", ""7D010A3545270AC401612E98B9127A6C"", ""+20% damage reduction in melee combat"")","SkillModifier|Skill.Forged.Milestone.VortexBomb2=1","NSLOCTEXT(""SkillsTable"", ""5543D4144A4795D657F8D1A80D2BCE40"", ""Using Vortex Bomb lobs 4 Fire Bombs that deal skill\'s current Weapon Damage in an area on impact"")","False","False","2","0","(RowName="""")","30.000000","Default","Skill00",""
Forged_ShotgonneBlast,"/Game/Skills/Blueprints/Forged/Skill_Forged_CannonBlast.Skill_Forged_CannonBlast_C","Character.Player.Forged","Default","None","10","0","0","True","(GameplayTags=((TagName=""Skill.Forged.Ranged""),(TagName=""Skill.Active""),(TagName=""Skill.Forged.GeneratesHeat"")))","(GameplayTags=)","(RowName=""Forged_Ranged"")","5","Default","SkillDamageFactorMultiplier|Forged_ShotgonneBlast=0.0595;ForgedHeat.Regen.Multiplier=.04032","(NSLOCTEXT(""SkillsTable"", ""B6FFD28546B16D3B0340A2819F0C4BF1"", ""Shotgonne Blast Damage""))","","PerLevelByOnes","None","None","None","SkillModifier|Skill.Forged.Milestone.ShotgonneBlast=1","NSLOCTEXT(""SkillsTable"", ""9B27899C469D48808D94C085ACC52A1C"", ""Shotgonne Blast gains 40% chance to Knockback enemies"")","ForgedHeat.Regen.Multiplier=.2","NSLOCTEXT(""SkillsTable"", ""620D311B435666130B159280509A0A4D"", ""+20% Heat Dissipation"")","SkillModifier|Skill.Forged.Milestone.ShotgonneBlast2=1","NSLOCTEXT(""SkillsTable"", ""E2C92F214FBB9E30DDE9FBB2A6B805C5"", ""While above 50% Heat Shotgonne Blast fires a piercing, flaming projectile, dealing skill\'s current Weapon Damage"")","False","False","2","1","(RowName=""TrySkill_Forged_ShotgonneBlast"")","30.000000","Default","Skill00",""
Forged_CycloneMode,"/Game/Skills/Blueprints/Forged/Skill_Forged_DashAttack.Skill_Forged_DashAttack_C","Character.Player.Forged","Default","None","10","0","0","True","(GameplayTags=((TagName=""Skill.Forged.Melee""),(TagName=""Skill.Active""),(TagName=""Skill.Forged.GeneratesHeat"")))","(GameplayTags=)","(RowName=""Forged_Melee"")","15","Default","SkillDamageFactorMultiplier|Forged_CycloneMode=0.0425","(NSLOCTEXT(""SkillsTable"", ""57170066493B47213DD0E3ABD8E77C25"", ""Cyclone Mode Damage""))","","PerLevelByOnes","None","None","None","EnergyCostPctBySkillName|Forged_CycloneMode=-0.3","NSLOCTEXT(""SkillsTable"", ""4DAC839343E86DD72A383188BC3DC12A"", ""-30% Cyclone Mode Heat cost"")","ProcChance|HealOnBrawlHit=.15","NSLOCTEXT(""SkillsTable"", ""39FD43CD498732C227B9719829AFD8AA"", ""15% chance to heal for 3% total Health on hit for Brawl skills (2 sec. cooldown)"")","SkillModifier|Skill.Forged.Milestone.CycloneMode1=1","NSLOCTEXT(""SkillsTable"", ""A94DB7B0487EB0FE78D4B3A6F6533521"", ""After channeling Cyclone Mode for 1 sec.,  you explode for 100% Weapon Damage every second"")","False","False","1","3","(RowName=""TrySkill_Forged_CycloneMode"")","30.000000","Default","Skill00",""
Forged_PoisonDart,"/Game/Skills/Blueprints/Forged/Skill_Forged_PoisonDart.Skill_Forged_PoisonDart_C","Character.Player.Forged","Default","None","10","0","0","True","(GameplayTags=((TagName=""Skill.Forged.Ranged""),(TagName=""Skill.Active""),(TagName=""Skill.Forged.GeneratesHeat""),(TagName=""Skill.Cooldown.Forged"")))","(GameplayTags=)","(RowName=""Forged_Ranged"")","10","Default","SkillDamageFactorMultiplier|Forged_PoisonDart=0.051","(NSLOCTEXT(""SkillsTable"", ""099EADE94D4774E97C36D2AE349A5816"", ""Poison Dart Damage""))","","PerLevelByOnes","None","None","None","SkillModifier|Skill.Forged.Milestone.PoisonDart1=1","NSLOCTEXT(""SkillsTable"", ""4D8498C64CC73DA04642238CD0088548"", ""Poison Dart Slows enemies who pass through it"")","DamagePctBySkillTag|Skill.Pet=0.65","NSLOCTEXT(""SkillsTable"", ""6680B27145B5CC5FFC92FBAF2E68C516"", ""+65% Pet damage"")","ProcChance|PoisonDartExplode=1","NSLOCTEXT(""SkillsTable"", ""FBEBFCAA4C13ECFB62122FAFF96E7D27"", ""Enemies killed while Poisoned by Poison Dart explode in a small area for Poison Dart\'s current Weapon Damage"")","False","False","1","2","(RowName=""TrySkill_Forged_PoisonDart"")","30.000000","Default","Skill00",""
Forged_ServoDrivenUppercut,"/Game/Skills/Blueprints/Forged/Skill_Forged_ServoDrivenUppercut.Skill_Forged_ServoDrivenUppercut_C","Character.Player.Forged","Default","None","10","0","0","True","(GameplayTags=((TagName=""Skill.Active""),(TagName=""Skill.Forged.GeneratesHeat""),(TagName=""Skill.Forged.Melee"")))","(GameplayTags=)","(RowName=""Forged_Melee"")","10","Default","SkillDamageFactorMultiplier|Forged_ServoDrivenUppercut=0.0425","(NSLOCTEXT(""SkillsTable"", ""58FC55CD4043413AE67BD28B1FDBAEA1"", ""Uppercut Stun Chance""))","","PerLevelByOnes","None","None","None","BonusChancePctBySkillName|Forged_ServoDrivenUppercut=20","NSLOCTEXT(""SkillsTable"", ""0C83D6D04CB05AE7D97BAFB6F7BC7409"", ""+20% Stun chance for Servo-Driven Uppercut"")","CriticalHitChanceForType|Skill.Forged.Melee=0.1","NSLOCTEXT(""SkillsTable"", ""CD78C794482D6616371F3FA305FC0CC2"", ""+10% Critical Hit chance for Brawl skills"")","SkillModifier|Skill.Forged.Milestone.ServoDrivenUppercut1=1","NSLOCTEXT(""SkillsTable"", ""01322D75499A9F5E323DE28B0A49162D"", ""Every 3rd hit of Servo-Driven Uppercut deals double damage"")","False","False","0","2","(RowName=""TrySkill_Forged_ServoDrivenUppercut"")","30.000000","Default","Skill00",""
Forged_SlugShot,"/Game/Skills/Blueprints/Forged/Skill_Forged_SlugShot.Skill_Forged_SlugShot_C","Character.Player.Forged","Default","None","10","0","0","True","(GameplayTags=((TagName=""Skill.Active""),(TagName=""Skill.Forged.GeneratesHeat""),(TagName=""Skill.Forged.Ranged""),(TagName=""Skill.Forged.SlugShot"")))","(GameplayTags=)","(RowName=""Forged_Ranged"")","15","Default","SkillDamageFactorMultiplier|Forged_SlugShot=0.0425","(NSLOCTEXT(""SkillsTable"", ""C09CF0674210985375DCE2A97A53C190"", ""Slugshot Critical Hit Chance""))","","PerLevelByOnes","None","None","None","CriticalHitChanceForType|Skill.Forged.SlugShot=0.25","NSLOCTEXT(""SkillsTable"", ""5C3207F54DE10F096E3556A21A228E32"", ""+25% Critical Hit chance for Slug Shot"")","CriticalHitChanceForType|Skill.Forged.Ranged=0.1","NSLOCTEXT(""SkillsTable"", ""67FEF10044ADD3E3EFD9E39AF4036DE0"", ""+10% Critical Hit chance for Barrage skills"")","SkillModifier|Skill.Forged.Milestone.SlugShot1=1","NSLOCTEXT(""SkillsTable"", ""311A53F24EB524439D8A5E9699FCCDFC"", ""Every 5th Slugshot always critically hits and deals double damage"")","False","False","2","3","(RowName=""TrySkill_Forged_SlugShot"")","30.000000","Default","Skill00",""
Forged_MyBuddy,"/Game/Skills/Blueprints/Forged/Skill_MyBuddy.Skill_MyBuddy_C","Character.Player.Forged","Default","None","10","0","0","True","(GameplayTags=((TagName=""Skill.Active""),(TagName=""Skill.Forged.GeneratesHeat""),(TagName=""Skill.Forged.Melee""),(TagName=""Skill.Cooldown.Forged"")))","(GameplayTags=)","(RowName=""Forged_Melee"")","10","Default","DurationPctBySkillName|Forged_MyBuddy=.085","(NSLOCTEXT(""SkillsTable"", ""58A8BF654394C75A08C589822BBC474D"", ""Power Projection Increased Duration""))","","PerLevelByOnes","None","None","None","SkillModifier|Skill.Forged.Milestone.PowerProjection1=1","NSLOCTEXT(""SkillsTable"", ""50EDBBFE44720B3D9233458161671A53"", ""Power Projection now heals for 2% total Health per second"")","ProcChance|VentBlock=1","NSLOCTEXT(""SkillsTable"", ""7CE015D448192BFD894922B59B77755A"", ""Your Block chance is increased by +10% for 4 sec. after venting"")","SkillModifier|Skill.Forged.Milestone.PowerProjection2=1","NSLOCTEXT(""SkillsTable"", ""2F51966C4E63F79C2475CAA9AA22B334"", ""Power Projection makes you and your allies Invulnerable for 1 sec. on cast"")","False","False","2","2","(RowName="""")","30.000000","Default","Skill00",""
Forged_VentFurnaceBlast,"/Game/Skills/Blueprints/Forged/Skill_Forged_VentFurnaceBlast.Skill_Forged_VentFurnaceBlast_C","Character.Player.Forged","Default","None","10","0","0","True","(GameplayTags=((TagName=""Skill.Active""),(TagName=""Skill.Forged.Vent""),(TagName=""Skill.Forged.Ranged"")))","(GameplayTags=)","(RowName=""Forged_Ranged"")","20","Default","SkillDamageFactorMultiplier|Forged_VentFurnaceBlast=0.068;","(NSLOCTEXT(""SkillsTable"", ""C3D8C948460EEA24DEA796BFDE2E0E63"", ""Furnace Blast Damage""))","","PerLevelByOnes","None","None","None","EnergyCostPctBySkillName|Forged_VentFurnaceBlast=-0.5","NSLOCTEXT(""SkillsTable"", ""D60EE1F64107619A387FB798B2DAEEBA"", ""-50% Heat cost for Furnace Blast"")","DamagePctByStatusEffectTag|StatusEffect.Burning=.25","NSLOCTEXT(""SkillsTable"", ""20AC42B445A61FCC98FD11842490E1E9"", ""+25% Damage to Burning enemies"")","SkillModifier|Skill.Forged.Milestone.FurnaceBlast2=1","NSLOCTEXT(""SkillsTable"", ""2360C5644FBE57703C5480913458B671"", ""Furnace Blast size increased by 50%"")","False","False","1","4","(RowName="""")","30.000000","Default","Skill00",""
Forged_RammingRobot,"/Game/Skills/Blueprints/Forged/Skill_Forged_BashingCharge.Skill_Forged_BashingCharge_C","Character.Player.Forged","Default","None","10","0","0","True","(GameplayTags=((TagName=""Skill.Forged.GeneratesHeat""),(TagName=""Skill.Active""),(TagName=""Skill.Forged.Melee""),(TagName=""Skill.Cooldown.Forged"")))","(GameplayTags=)","(RowName=""Forged_Melee"")","5","Default","SkillDamageFactorMultiplier|Forged_RammingRobot=0.0595;","(NSLOCTEXT(""SkillsTable"", ""E1E9E8554BE2764083158791282E96FA"", ""Ramming Robot Damage""))","","PerLevelByOnes","None","None","None","RammingRobotCharges.Max=1","NSLOCTEXT(""SkillsTable"", ""81D6C64041A5C0621A3D948D5BA5065C"", ""Ramming Robot gains an additional charge"")","DamagePctBySkillTag|Skill.EmberWeapon.Active=0.2","NSLOCTEXT(""SkillsTable"", ""9AF1097F44EF717F9BA67DA5F4710601"", ""+20% Relic Active Skill damage"")","SkillModifier|Skill.Forged.Milestone.RammingRobot1=1","NSLOCTEXT(""SkillsTable"", ""844189E04DBBB26DD4A3C4A71BDC1664"", ""Ramming Robot leaves behind burning hotspots, dealing 100% Weapon Damage"")","False","False","1","1","(RowName=""TrySkill_Forged_RammingRobot"")","30.000000","Default","Skill00",""
Forged_SonicPulse,"/Game/Skills/Blueprints/Forged/Skill_Forged_SonicPulse.Skill_Forged_SonicPulse_C","Character.Player.Forged","Default","None","10","0","0","True","(GameplayTags=((TagName=""Skill.Forged.GeneratesHeat""),(TagName=""Skill.Active""),(TagName=""Skill.Forged.Ranged""),(TagName=""Skill.Cooldown.Forged"")))","(GameplayTags=)","(RowName=""Forged_Ranged"")","15","Default","CooldownPctBySkillName|Forged_SonicPulse=-.025","(NSLOCTEXT(""SkillsTable"", ""CB48FEAA4577E761AA6443ADF7FA79D1"", ""Sonic Pulse Cooldown""))","","PerLevelByOnes","None","None","None","SkillModifier|Skill.Forged.Milestone.SonicPulse1=1","NSLOCTEXT(""SkillsTable"", ""BC3E1B724EDC204DC67269A9E4077C6A"", ""Sonic Pulse now Stuns enemies for 1 sec."")","CooldownPctBySkillTag|Skill.Emberweapon=-.2","NSLOCTEXT(""SkillsTable"", ""BBB9567D4E30D2EC9C4EA0A7ACEEE0AA"", ""-20% to Relic Active Skill cooldowns"")","SkillModifier|Skill.Forged.Milestone.SonicPulse2=1","NSLOCTEXT(""SkillsTable"", ""0E63B43E4A2D62B978CD7481615B894F"", ""Sonic Pulse now activates around you as well"")","False","False","0","3","(RowName="""")","30.000000","Default","Skill00",""
Forged_FrackingStrike,"/Game/Skills/Blueprints/Forged/Skill_FrackingStrike.Skill_FrackingStrike_C","Character.Player.Forged","Default","None","10","0","0","True","(GameplayTags=((TagName=""Skill.Active""),(TagName=""Skill.Forged.Melee""),(TagName=""Skill.Forged.GeneratesHeat"")))","(GameplayTags=)","(RowName=""Forged_Melee"")","20","Default","SkillDamageFactorMultiplier|Forged_FrackingStrike=.084","(NSLOCTEXT(""SkillsTable"", ""A4858581453A6D31EC1F639ADDE79579"", ""Fracking Strike Damage""))","","PerLevelByOnes","None","None","None","SkillModifier|Skill.Forged.Milestone.FrackingStrike2=1","NSLOCTEXT(""SkillsTable"", ""98DF7DD64B860B039C94659069407F2A"", ""Fracking Strike does two close small impact hits to enemies directly in front of you for the skill\'s base weapon damage"")","DamagePctBySkillTag|Skill.EmberWeapon.Active=0.2","NSLOCTEXT(""SkillsTable"", ""9712F5B34F7FB02B0A309BA14616849D"", ""+20% Relic Active Skill damage"")","SkillModifier|Skill.Forged.Milestone.FrackingStrike1=1","NSLOCTEXT(""SkillsTable"", ""B691EC2349AC78EEADDDF39D3232A0D6"", ""Fracking Strike shockwave size is doubled"")","False","False","2","4","(RowName="""")","30.000000","Default","Skill00",""
RM_BuildTurret,"/Game/Skills/Blueprints/Railman/Skill_LayTrack.Skill_LayTrack_C","Character.Player.Railman","Default","None","10","0","0","True","(GameplayTags=((TagName=""Skill.Railman.Turret""),(TagName=""Skill.Active"")))","(GameplayTags=)","(RowName=""RM_Turret"")","1","Default","SkillDamageFactorMultiplier|RM_TurretPassive=.0425","(NSLOCTEXT(""SkillsTable"", ""F1BBFDB849CB1BC13C22C0A680A7EF63"", ""Turret Basic Attack Damage""))","","PerLevelByOnes","None","None","None","CooldownPctBySkillTag|Skill.Railman.Turret.Passive.LeadCar=-.25","NSLOCTEXT(""SkillsTable"", ""2B0275A74FB2A6622281DFB812418559"", ""+25% Main Turret passive Attack Speed"")","DamagePctBySkillTag|Skill.Railman.Turret=.20","NSLOCTEXT(""SkillsTable"", ""15CBF7AF4D465A33099E37B744172E21"", ""+20% damage to Conductor skills"")","ProcChance|TurretPiercing=1","NSLOCTEXT(""SkillsTable"", ""1917B55F403E6BAB6C0713A714972918"", ""Main Turret shots pierce enemies for 3 sec. after using an active Train skill"")","False","False","1","0","(RowName="""")","30.000000","Default","Skill01",""
RM_Pound,"/Game/Skills/Blueprints/Railman/Skill_Pound.Skill_Pound_C","Character.Player.Railman","Default","None","10","0","0","True","(GameplayTags=((TagName=""Skill.Active""),(TagName=""Skill.Railman.Melee.LegendaryShockwaveTrigger"")))","(GameplayTags=)","(RowName=""RM_Melee"")","1","Default","SkillDamageFactorMultiplier|RM_Pound=.0425","(NSLOCTEXT(""SkillsTable"", ""1CEF372B46A333C0C80484B77F2CCC0B"", ""Pound Damage""))","","PerLevelByOnes","None","None","None","BonusStunChanceforSkill|RM_Pound=.2","NSLOCTEXT(""SkillsTable"", ""E6DC9BE04CDDDF56CD240A8878339710"", ""+20% Stun chance for Pound"")","DamagePctBySkillTag|Skill.Railman.Melee=0.2","NSLOCTEXT(""SkillsTable"", ""EE94B9844E5EDA466F89889011F2A424"", ""+20% Slammer skill damage"")","SkillModifier|Skill.Railmaster.Milestone.Pound1=1","NSLOCTEXT(""SkillsTable"", ""D50BF7364FE264E00B7D37AC563252A2"", ""Pound deals 100% Weapon Damage in a larger area, hitting enemies at center twice"")","False","False","0","0","(RowName="""")","30.000000","Default","Skill00",""
RM_RearCar_MortarTurret,"/Game/Skills/Blueprints/Railman/Skill_MortarRearCart.Skill_MortarRearCart_C","Character.Player.Railman","Instant","None","10","0","0","True","(GameplayTags=((TagName=""Skill.Active""),(TagName=""Skill.Railman.Turret""),(TagName=""Skill.Railman.TurretSpecial""),(TagName=""Skill.Cooldown.Railman"")))","(GameplayTags=((TagName=""Character.Minion.Train.ThirdCar"")))","(RowName=""RM_Turret"")","5","Default","SkillDamageFactorMultiplier|RM_MortarPassive=.0425;SkillDamageFactorMultiplier|RM_RearCar_MortarTurret=.0425;","(NSLOCTEXT(""SkillsTable"", ""B485C08F44B4B5EDFA2BAA84B37109A1"", ""Mortar Car Damage""))","","PerLevelByOnes","PerLevelByOnes","None","None","CooldownPctBySkillTag|Skill.Railman.Turret.Passive.Mortar=-.25","NSLOCTEXT(""SkillsTable"", ""0443220345B4B8D7FF6CFB9512BD799C"", ""+25% Mortar Car passive Attack Speed"")","CooldownPctBySkillTag|Skill.Cooldown.Railman=-.1","NSLOCTEXT(""SkillsTable"", ""4E0F09084E3E25F868F5A9B42E10C14D"", ""-10% cooldowns for Railmaster skills"")","SkillModifier|Skill.Railmaster.Milestone.Mortar1=1","NSLOCTEXT(""SkillsTable"", ""70E4A49148F62BF084A8B99E5F18C1B6"", ""+50% to Mortar active damage area"")","False","False","0","1","(RowName=""TrySkill_RM_RearCar_MortarTurret"")","30.000000","Default","Skill00",""
RM_BlastingCharge,"/Game/Skills/Blueprints/Railman/Skill_Railmaster_BlastingCharge.Skill_Railmaster_BlastingCharge_C","Character.Player.Railman","Default","None","10","0","0","True","(GameplayTags=((TagName=""Skill.Active""),(TagName=""Skill.Railman.Melee"")))","(GameplayTags=)","(RowName=""RM_Melee"")","1","Default","SkillDamageFactorMultiplier|RM_BlastingCharge=.0425","(NSLOCTEXT(""SkillsTable"", ""EB31D76A47E95D2431B150A2FA50DA45"", ""Blasting Charge Damage""))","(NSLOCTEXT(""SkillsTable"", ""RM_BlastingCharge_PerLevelDisplayCategories_Index0"", """"),NSLOCTEXT(""SkillsTable"", ""1AAA8BF54727ABF963389AB076BB95BD"", ""Lineage Skills""))","PerLevelByOnes","None","None","None","MiscBonusBySkillName|RM_BlastingCharge=0.2","NSLOCTEXT(""SkillsTable"", ""D104FBC347485DB76F512C8BA7E80376"", ""+20% to vulnerability for Blasting Charge"")","RandomBonusPctBySkillName|RM_Pound=.2","NSLOCTEXT(""SkillsTable"", ""FAD32E6E49193A496A35CCAE8352CA86"", ""+20% Damage reduction in melee combat"")","SkillModifier|Skill.Railmaster.Milestone.BlastingCharge1=1","NSLOCTEXT(""SkillsTable"", ""7FE40D4044490B49DF334690390E7990"", ""Blasting Charge now unleashes a second blast in front of the first"")","False","False","2","0","(RowName=""TrySkill_RM_BlastingCharge"")","30.000000","Default","Skill00",""
RM_HammerSpin,"/Game/Skills/Blueprints/Railman/Skill_HammerSpin.Skill_HammerSpin_C","Character.Player.Railman","Default","None","10","0","0","True","(GameplayTags=((TagName=""Skill.Active""),(TagName=""Skill.Railman.Melee.LegendaryShockwaveTrigger""),(TagName=""Skill.Cooldown.Railman"")))","(GameplayTags=)","(RowName=""RM_Melee"")","5","Default","CooldownPctBySkillName|RM_Hammerspin=-.0205","(NSLOCTEXT(""SkillsTable"", ""087FDE2848B8ADB5D59C89B3F6E5B322"", ""Hammer Spin Cooldown""))","","PerLevelByOnes","PerLevelByOnes","None","None","SkillModifier|Skill.Railmaster.Milestone.Hammerspin1=1","NSLOCTEXT(""SkillsTable"", ""5F6229954BC354DE5EE38F85986385FE"", ""+50% Movement Speed boost after cast for 6 sec."")","DamagePctBySkillTag|Skill.EmberWeapon.Active=0.2","NSLOCTEXT(""SkillsTable"", ""58DFCF9543D2F60EC2CFA28BD86186E2"", ""+20% Relic Active Skill damage"")","SkillModifier|Skill.Railmaster.Milestone.Hammerspin2=1","NSLOCTEXT(""SkillsTable"", ""1805BE064AEE43C03FD6759AB2D3CF5E"", ""50% damage reduction shield on cast for 6 sec."")","False","False","1","1","(RowName=""TrySkill_RM_HammerSpin"")","30.000000","Default","Skill00",""
RM_ThirdRail,"/Game/Skills/Blueprints/Railman/Skill_ShockingRounds.Skill_ShockingRounds_C","Character.Player.Railman","Instant","None","10","0","0","True","(GameplayTags=((TagName=""Skill.Railman.Turret""),(TagName=""Skill.Active""),(TagName=""Skill.Cooldown.Railman"")))","(GameplayTags=)","(RowName=""RM_Turret"")","15","Default","SkillDamageFactorMultiplier|RM_ThirdRail=0.068","(NSLOCTEXT(""SkillsTable"", ""31E0E9ED4F2BEBDE31CA7B92F7305872"", ""Shocking Rounds Damage""))","","PerLevelByOnes","None","None","None","SkillModifier|Skill.Railmaster.Milestone.ShockingRounds1=1","NSLOCTEXT(""SkillsTable"", ""236FAFA8446B8108364C2D93F2C86ABE"", ""Shocking Rounds Chain Lightning bounces 1 more time"")","DamagePctBySkillTag|Skill.BasicAttack=.3","NSLOCTEXT(""SkillsTable"", ""9790B07847B45A58A65C7A98B6B8B2BC"", ""+30% Basic Attack damage"")","SkillModifier|Skill.Railmaster.Milestone.ShockingRounds2=1","","False","False","2","3","(RowName="""")","30.000000","Default","Skill00",""
RM_SpikeThrow,"/Game/Skills/Blueprints/Railman/Skill_SpikeThrow.Skill_SpikeThrow_C","Character.Player.Railman","Default","None","10","0","0","True","(GameplayTags=((TagName=""Skill.Active""),(TagName=""Skill.Railman.Melee"")))","(GameplayTags=)","(RowName=""RM_Melee"")","10","Default","SkillDamageFactorMultiplier|RM_SpikeThrow=.085","(NSLOCTEXT(""SkillsTable"", ""E7C314874713EFB2B6BBAFBA60FF2C10"", ""Flying Picks Damage""))","","PerLevelByOnes","None","None","None","SkillModifier|Skill.Railmaster.Milestone.SpikeThrow1=1","NSLOCTEXT(""SkillsTable"", ""CFFFF89D43FD02A3CBEC549A594A2E69"", ""Flying Picks now pierces"")","RailmanEndurance.Regen.Multiplier=.25","NSLOCTEXT(""SkillsTable"", ""14AB829847F32AEC06A18C856CA2E6EB"", ""+25% Endurance recharge rate"")","SkillModifier|Skill.Railmaster.Milestone.SpikeThrow2=1","NSLOCTEXT(""SkillsTable"", ""EC705B4B4C7E555966237C832D9CDE1A"", ""Flying Picks\' Endurance Bonus spawns a second Ancestral Spirit"")","False","False","0","2","(RowName=""TrySkill_RM_SpikeThrow"")","30.000000","Default","Skill00",""
RM_MiddleCar_Shield,"/Game/Skills/Blueprints/Railman/Skill_ShieldMIddleCart.Skill_ShieldMiddleCart_C","Character.Player.Railman","Instant","None","10","0","0","True","(GameplayTags=((TagName=""Skill.Active""),(TagName=""Skill.Railman.Turret""),(TagName=""Skill.Railman.TurretSpecial""),(TagName=""Skill.Cooldown.Railman"")))","(GameplayTags=((TagName=""Character.Minion.Train.SecondCar"")))","(RowName=""RM_Turret"")","5","Default","DurationPctBySkillName|RM_MiddleCar_Shield=.0425","(NSLOCTEXT(""SkillsTable"", ""8B40C86A408679B9F48BDB87C9F4BFB2"", ""Shield Car Active Skill Duration""))","(NSLOCTEXT(""SkillsTable"", ""RM_MiddleCar_Shield_PerLevelDisplayCategories_Index0"", """"),NSLOCTEXT(""SkillsTable"", ""F3E03ED04EDE9BFFB9055185D2092F5D"", ""Conductor Skills""))","PerLevelByOnes","None","None","None","SkillModifier|Skill.Railmaster.Milestone.Shield1=1","NSLOCTEXT(""SkillsTable"", ""1B5AD61B40CF1FF2C6CC70A6C3F780A2"", ""Shield Car heals for 3% per sec. while in active area"")","CriticalHitChanceForType|Skill.Railman.Turret=.1","NSLOCTEXT(""SkillsTable"", ""0F93E8DE43CD3CDA248ADF8E9B672D3E"", ""+10% Critical Hit chance for Conductor Skills"")","SkillModifier|Skill.Railmaster.Milestone.Shield2=1","NSLOCTEXT(""SkillsTable"", ""005FA32D4F3829311AA11D9B4D24B237"", ""Leaving the Shield Car active area gives you a Damage Shield for its current Active Duration"")","False","False","2","1","(RowName=""TrySkill_RM_MiddleCar_Shield"")","30.000000","Default","Skill00",""
RM_LanternFlash,"/Game/Skills/Blueprints/Railman/Skill_Railmaster_LanternFlash.Skill_Railmaster_LanternFlash_C","Character.Player.Railman","Default","None","10","0","0","True","(GameplayTags=((TagName=""Skill.Active""),(TagName=""Skill.Railman.Melee""),(TagName=""Skill.Cooldown.Railman"")))","(GameplayTags=)","(RowName=""RM_Melee"")","10","Default","SkillDamageFactorMultiplier|RM_LanternFlash=.0425","(NSLOCTEXT(""SkillsTable"", ""A7146E33467933B69C15D4BA2CB496FB"", ""Lantern Flash Damage""))","","PerLevelByOnes","None","None","None","SkillModifier|Skill.Railmaster.Milestone.LanternFlash1=1","NSLOCTEXT(""SkillsTable"", ""E558E10F49A7D3C7E859C68A88B9F5EC"", ""Lantern Flash now Blinds for 1 sec."")","DamagePctByStatusEffectTag|StatusEffect.Blinded=.65;DamagePctByStatusEffectTag|StatusEffect.Slow=.65;DamagePctByStatusEffectTag|StatusEffect.Stunned=.65","NSLOCTEXT(""SkillsTable"", ""1D61FDDB413E7D417F0D77B62419E87F"", ""+65% damage vs Stunned, Blinded, or Slowed targets"")","SkillModifier|Skill.Railmaster.Milestone.LanternFlash2=1","NSLOCTEXT(""SkillsTable"", ""B738BFB24BEC82001CE3FA905EF0827E"", ""Lantern Flash now blasts enemies behind you"")","False","False","2","2","(RowName="""")","30.000000","Default","Skill00",""
RM_GhostTrain,"/Game/Skills/Blueprints/Railman/Skill_GhostTrain.Skill_GhostTrain_C","Character.Player.Railman","Default","None","10","0","0","True","(GameplayTags=((TagName=""Skill.Active""),(TagName=""Skill.Railman.GhostTrain""),(TagName=""Skill.Railman.Turret"")))","(GameplayTags=)","(RowName=""RM_Turret"")","15","Default","SkillDamageFactorMultiplier|RM_GhostTrain=0.068","(NSLOCTEXT(""SkillsTable"", ""FE1DB35747698FFA9597EB9C37B88B71"", ""Ghost Train Damage""))","(NSLOCTEXT(""SkillsTable"", ""RM_GhostTrain_PerLevelDisplayCategories_Index0"", """"),NSLOCTEXT(""SkillsTable"", ""FBA7220043EC96239C56239A3F4627A9"", ""Lineage Skills""))","PerLevelByOnes","None","None","None","GhostTrainCharges.Max=1","NSLOCTEXT(""SkillsTable"", ""66F55BE348FF7A8CC8D62689A2D37B86"", ""+1 Ghost Train Charges"")","CooldownPctBySkillTag|Skill.Railman.Turret.Passive=-.1","NSLOCTEXT(""SkillsTable"", ""106312F840430EAC60FE93888F36355D"", ""10% increased Attack Speed for Train Cars"")","SkillModifier|Skill.Railmaster.Milestone.GhostTrain1=1","NSLOCTEXT(""SkillsTable"", ""3FE3E13A4F658B2441EED5AD0E98D33B"", ""Ghost Train is now 50% larger"")","False","False","0","3","(RowName=""TrySkill_RM_GhostTrain"")","30.000000","Default","Skill00",""
RM_MiddleCar_Shotgonne,"/Game/Skills/Blueprints/Railman/Skill_ShotgonneMiddleCart.Skill_ShotgonneMiddleCart_C","Character.Player.Railman","Instant","None","10","0","0","True","(GameplayTags=((TagName=""Skill.Active""),(TagName=""Skill.Railman.Turret""),(TagName=""Skill.Railman.TurretSpecial""),(TagName=""Skill.Cooldown.Railman"")))","(GameplayTags=((TagName=""Character.Minion.Train.SecondCar"")))","(RowName=""RM_Turret"")","10","Default","SkillDamageFactorMultiplier|RM_ShotgunPassive=.0425;SkillDamageFactorMultiplier|RM_ShotgonneActive=.0425;","(NSLOCTEXT(""SkillsTable"", ""792C19B745C16E7DD598159E60408AF9"", ""Train Shotgonne Car Passive Skill Damage""))","","PerLevelByOnes","PerLevelByOnes","None","None","CooldownPctBySkillTag|Skill.Railman.Turret.Passive.Shotgonne=-.25","NSLOCTEXT(""SkillsTable"", ""EEAD68C64C199912CC2F70AB3EAC423F"", ""+25% Shotgonne Car passive Attack Speed"")","DamagePctBySkillTag|Skill.Pet=.65","NSLOCTEXT(""SkillsTable"", ""0CA763D5468EFD29F5EB2AA49FC68680"", ""+65% damage for Pets"")","SkillModifier|Skill.Railmaster.Milestone.Shotgonne1=1","NSLOCTEXT(""SkillsTable"", ""3935AD8D4B130AEF65886FA4212154E4"", ""Shotgonne Car active skill now fires 3 piercing rounds in a tight spread"")","False","False","1","2","(RowName=""TrySkill_RM_MiddleCar_Shotgonne"")","30.000000","Default","Skill00",""
RM_SpikeDrive,"/Game/Skills/Blueprints/Railman/Skill_SpikeDrive.Skill_SpikeDrive_C","Character.Player.Railman","Default","None","10","0","0","True","(GameplayTags=((TagName=""Skill.Active""),(TagName=""Skill.Railman.Melee.LegendaryShockwaveTrigger"")))","(GameplayTags=)","(RowName=""RM_Melee"")","20","Default","SkillDamageFactorMultiplier|RM_SpikeDrive=.042","(NSLOCTEXT(""SkillsTable"", ""B11CD289411C0A89BE75129119F14EA1"", ""Spike Drive Increased Damage""))","","PerLevelByOnes","None","None","None","SkillModifier|Skill.Railmaster.Milestone.SpikeDrive1=1","NSLOCTEXT(""SkillsTable"", ""54567807486FF9ED2248979D30A60580"", ""Spike Drive now fires a large missile straight ahead for double skill\'s current Weapon Damage"")","ProcChance|EnduranceOnMelee=0.2","NSLOCTEXT(""SkillsTable"", ""E6C4C97C4B77CF59D0E1BF8FC0C3E4BB"", ""20% chance to return an Endurance on melee attack"")","SkillModifier|Skill.Railmaster.Milestone.SpikeDrive2=1","NSLOCTEXT(""SkillsTable"", ""2546E1B449D31921FE3056BE2A0F86A8"", ""Adds 4 missiles to Spike Drive"")","False","False","0","4","(RowName="""")","30.000000","Default","Skill00",""
RM_RearCar_Flamethrower,"/Game/Skills/Blueprints/Railman/Skill_FlamethrowerRearCart.Skill_FlamethrowerRearCart_C","Character.Player.Railman","Instant","None","10","0","0","True","(GameplayTags=((TagName=""Skill.Active""),(TagName=""Skill.Railman.Turret""),(TagName=""Skill.Railman.TurretSpecial""),(TagName=""Skill.Cooldown.Railman"")))","(GameplayTags=((TagName=""Character.Minion.Train.ThirdCar"")))","(RowName=""RM_Turret"")","20","Default","SkillDamageFactorMultiplier|RM_RearCar_Flamethrower=.0425;SkillDamageFactorMultiplier|RM_FlamethrowerPassive=.0425","(NSLOCTEXT(""SkillsTable"", ""BA73B4404866250CC62A6EB1D0E030BD"", ""Flamethrower Damage""))","","PerLevelByOnes","PerLevelByOnes","None","None","CooldownPctBySkillTag|Skill.Railman.Turret.Passive.Flamethrower=-.25","NSLOCTEXT(""SkillsTable"", ""B68CDF3F4ACA79427CB93FBD6795E8F1"", ""+25% Flamethrower passive Attack Speed"")","CooldownPctBySkillTag|Skill.Emberweapon=-.2","NSLOCTEXT(""SkillsTable"", ""E261066C4E1B9F387A7DB0B06445A109"", ""-20% Relic Active Skill cooldowns"")","SkillModifier|Skill.Railmaster.Milestone.Flamethrower1=1","NSLOCTEXT(""SkillsTable"", ""A256DD0F4E5CC3C36AB788B76CDAE5C5"", ""Activating Flamethrower Car fires 8 fireballs that deal skill\'s current Weapon Damage"")","False","False","1","4","(RowName=""TrySkill_RM_RearCar_Flamethrower"")","30.000000","Default","Skill00",""
RM_TorqueSwing,"/Game/Skills/Blueprints/Railman/Skill_TorqueSpin.Skill_TorqueSpin_C","Character.Player.Railman","Default","None","10","0","0","True","(GameplayTags=((TagName=""Skill.Active""),(TagName=""Skill.Railman.Melee""),(TagName=""Skill.Cooldown.Railman"")))","(GameplayTags=)","(RowName=""RM_Melee"")","15","Default","SkillDamageFactorMultiplier|RM_TorqueSwing=0.068","(NSLOCTEXT(""SkillsTable"", ""25E0DE9241D29425C646EBAFB052466A"", ""Torque Swing Damage""))","","PerLevelByOnes","None","None","None","SkillModifier|Skill.Railmaster.Milestone.TorqueSwing1=1","NSLOCTEXT(""SkillsTable"", ""8E9241654732CAF6360816A8ABF026CE"", ""Torque Swing now pulls enemies in on activation"")","CriticalHitChanceForType|Skill.Railman.Melee=.1","NSLOCTEXT(""SkillsTable"", ""7B3449CE4CBBF8C68C4FB28005389993"", ""+10% Critical Hit chance for Slammer skills"")","SkillModifier|Skill.Railmaster.Milestone.TorqueSwing2=1","NSLOCTEXT(""SkillsTable"", ""BD88B2A8466D9FD0B70E43B99CCDCC19"", ""Torque Swing restores all Endurance on cast"")","False","False","1","3","(RowName="""")","30.000000","Default","Skill00",""
SS_Pipi,"/Game/Skills/Blueprints/Sharpshooter/Skill_Sharpshooter_Pipi.Skill_Sharpshooter_Pipi_C","Character.Player.Sharpshooter","Default","None","10","0","0","True","(GameplayTags=((TagName=""Skill.Active""),(TagName=""Skill.Sharpshooter.Adventurer""),(TagName=""Skill.Cooldown.Sharpshooter"")))","(GameplayTags=)","(RowName=""SS_Adventurer"")","15","Default","SkillDamageFactorMultiplier|SS_Pipi=.042","(NSLOCTEXT(""SkillsTable"", ""A47640FE4E3CAE62241178A5D3DBAB14"", ""Curse of Pi\'pi Damage""))","","PerLevelByOnes","None","None","None","SkillModifier|Skill.Sharpshooter.Milestone.Pipi1=1","NSLOCTEXT(""SkillsTable"", ""6D23C6DC4A39655DE1F6E7A92783D13D"", ""Killing a cursed enemy now returns 10% Ammo"")","ProcChance|PrecisionAmmo=.1","NSLOCTEXT(""SkillsTable"", ""8349C56C418D55B420DC888F6D2E7D39"", ""10% chance to return Ammo on kill for Precision skills"")","SkillModifier|Skill.Sharpshooter.Milestone.Pipi2=1","NSLOCTEXT(""SkillsTable"", ""D82B154F4E71BCA1A64357BBC42E5735"", ""Curse of Pi\'pi pulses an additional two times after its initial activation"")","False","False","1","3","(RowName="""")","30.000000","Default","Skill00",""
SS_ScatterShot,"/Game/Skills/Blueprints/Sharpshooter/Skill_Sharpshooter_Scattershot.Skill_Sharpshooter_Scattershot_C","Character.Player.Sharpshooter","Default","None","10","0","0","True","(GameplayTags=((TagName=""Skill.Active""),(TagName=""Skill.Sharpshooter.Ranged.Shoot"")))","(GameplayTags=)","(RowName=""SS_Precision"")","20","Default","SkillDamageFactorMultiplier|SS_Scattershot=.042;","(NSLOCTEXT(""SkillsTable"", ""6D90538D422EEF5D094AF1991B54D938"", ""Scattershot Damage""))","","PerLevelByOnes","None","None","None","SkillModifier|Skill.Sharpshooter.Milestone.Scattershot1=1","NSLOCTEXT(""SkillsTable"", ""5E28B09B4E1DC306AEE4DC95E56CB0DC"", ""+50% for Scattershot\'s Range"")","DamagePctBySkillTag|Skill.BasicAttack.Ranged=.5","NSLOCTEXT(""SkillsTable"", ""5E2540EC43145750EE172E9D7D670D6B"", ""+50% Damage for Ranged Basic Attacks"")","SkillModifier|Skill.Sharpshooter.Milestone.Scattershot2=1","NSLOCTEXT(""SkillsTable"", ""269582C24CDEF15FDE63E4AADDBEEAC9"", ""Scattershot\'s fully charged bonus is increased by +50%"")","False","False","1","4","(RowName="""")","30.000000","Default","Skill00",""
SS_Rizzi,"/Game/Skills/Blueprints/Sharpshooter/Skill_Sharpshooter_Rizzi.Skill_Sharpshooter_Rizzi_C","Character.Player.Sharpshooter","Default","None","10","0","0","True","(GameplayTags=((TagName=""Skill.Active""),(TagName=""Skill.Sharpshooter.Adventurer""),(TagName=""Skill.Cooldown.Sharpshooter"")))","(GameplayTags=)","(RowName=""SS_Adventurer"")","10","Default","SkillDamageFactorMultiplier|SS_Rizzi=0.085;","(NSLOCTEXT(""SkillsTable"", ""B0C12ABC4990692E6D6A7F85A3CF9213"", ""Rizzi\'s Fate Damage""))","","PerLevelByOnes","None","None","None","DurationPctBySkillName|SS_Rizzi=.5","NSLOCTEXT(""SkillsTable"", ""83BCD4D9447CF78499AD0590AEEE57AE"", ""+50% Duration for Rizzi\'s Fate"")","DamagePctByStatusEffectTag|StatusEffect.Blinded=.1;DamagePctByStatusEffectTag|StatusEffect.Slow=.1;DamagePctByStatusEffectTag|StatusEffect.Stunned=.1","NSLOCTEXT(""SkillsTable"", ""D7FBB003410329692CD063A5DD9FD7A4"", ""+10% Damage to Blinded, Slowed, or Stunned enemies"")","SkillModifier|Skill.Sharpshooter.Milestone.Rizzi1=1;MinionsOnProcFromAffix|GhostSpellbreaker=1","NSLOCTEXT(""SkillsTable"", ""860B31BF429282F2B453DFB91A7DD87F"", ""A ghostly Netherim caster appears in Rizzi\'s Fate spell area, attacking enemies for 50% Weapon Damage"")","False","False","0","2","(RowName="""")","30.000000","Default","Skill00",""
SS_Reload,"/Game/Skills/Blueprints/Sharpshooter/Skill_Sharpshooter_Reload.Skill_Sharpshooter_Reload_C","Character.Player.Sharpshooter","None","None","10","0","0","True","(GameplayTags=((TagName=""Skill.Active""),(TagName=""Skill.Sharpshooter.Ranged""),(TagName=""Skill.Cooldown.Sharpshooter"")))","(GameplayTags=)","(RowName=""SS_Precision"")","10","Default","ReloadCharges.Regen=.005","(NSLOCTEXT(""SkillsTable"", ""36C8820E44C32E8F5E704794546CED7B"", ""Reload Recharge""))","","PerLevelByOnes","None","None","None","SkillModifier|Skill.Sharpshooter.Milestone.Reload1=1","NSLOCTEXT(""SkillsTable"", ""ED27A80B464DF851B350039676D537A0"", ""Reload reduces Ammo costs by -25% for 6 secs."")","DamagePctBySkillTag|Skill.Sharpshooter.Ranged=.3","NSLOCTEXT(""SkillsTable"", ""EA7BC01941284AB8278F5B8A41AF1377"", ""+30% Damage for Precision Skills"")","ReloadCharges.Max=1","NSLOCTEXT(""SkillsTable"", ""1A42ABE64274839D64751F8C34AC83D1"", ""Reload gains a Charge"")","False","False","1","2","(RowName="""")","30.000000","Default","Skill00",""
SS_Onslaught,"/Game/Skills/Blueprints/Sharpshooter/Skill_Sharpshooter_Onslaught.Skill_Sharpshooter_Onslaught_C","Character.Player.Sharpshooter","Default","None","10","0","0","True","(GameplayTags=((TagName=""Skill.Active""),(TagName=""Skill.Sharpshooter.Ranged.Shoot""),(TagName=""Skill.Cooldown.Sharpshooter"")))","(GameplayTags=)","(RowName=""SS_Precision"")","5","Default","SkillDamageFactorMultiplier|SS_Onslaught=.05","(NSLOCTEXT(""SkillsTable"", ""10CECA8B40C49322E54485B8EBAF37A3"", ""Onslaught Duration""))","","PerLevelByOnes","None","None","None","DurationPctBySkillName|SS_Onslaught=.5","NSLOCTEXT(""SkillsTable"", ""332ABBF040E4C69AC82C6FA03F64E0D4"", ""+50% Duration for Onslaught"")","DamagePctBySkillTag|Skill.EmberWeapon.Active=0.2","NSLOCTEXT(""SkillsTable"", ""778732534BE2C53F2DF7AFB1C1B229DF"", ""+20% Relic Active Skill Damage"")","SkillModifier|SKill.Sharpshooter.Milestone.Onslaught1=1","NSLOCTEXT(""SkillsTable"", ""B82204834993A3FB5EA58DB74606F6B6"", ""Onslaught\'s rain of arrows now includes explosive arrows that detonate in a small area for 75% Weapon Damage"")","False","False","0","1","(RowName="""")","30.000000","Default","Skill00",""
SS_Goose,"/Game/Skills/Blueprints/Sharpshooter/Skill_Sharpshooter_Goose.Skill_Sharpshooter_Goose_C","Character.Player.Sharpshooter","Default","None","10","0","0","True","(GameplayTags=((TagName=""Skill.Active""),(TagName=""Skill.Sharpshooter.Adventurer""),(TagName=""Skill.Cooldown.Sharpshooter"")))","(GameplayTags=)","(RowName=""SS_Adventurer"")","10","Default","SkillDamageFactorMultiplier|SS_Goose=.05","(NSLOCTEXT(""SkillsTable"", ""29353D5F4AE52BA1F2047096DFEDCE93"", ""Sacrifice to Goose Damage""))","","PerLevelByOnes","None","None","None","MiscBonusBySkillName|SS_Goose=0.2","NSLOCTEXT(""SkillsTable"", ""C12FFA364B4B46BD7F8871875F920D5A"", ""+20% Damage Vulnerability for Sacrifice to Goose"")","CooldownPctBySkillTag|Skill.Sharpshooter=-.1","NSLOCTEXT(""SkillsTable"", ""85170D7A42CBC04C52BE39A889C96DB8"", ""-10% for Sharpshooter Skill Cooldowns "")","SkillModifier|Skill.Sharpshooter.Milestone.Goose1=1","NSLOCTEXT(""SkillsTable"", ""502782BF4C4CAAD9D425BD97994DC463"", ""Sacrifice to Goose\'s Adventurer Bonus fires two additional Eagles"")","False","False","2","2","(RowName="""")","30.000000","Default","Skill00",""
SS_Goblin,"/Game/Skills/Blueprints/Sharpshooter/Skill_Sharpshooter_Goblin.Skill_Sharpshooter_Goblin_C","Character.Player.Sharpshooter","None","None","10","0","0","True","(GameplayTags=((TagName=""Skill.Active""),(TagName=""Skill.Sharpshooter.Adventurer""),(TagName=""Skill.Cooldown.Sharpshooter"")))","(GameplayTags=)","(RowName=""SS_Adventurer"")","1","Default","SkillDamageFactorMultiplier|Skill_MeleeAttack_SharpshooterMinion=.05","(NSLOCTEXT(""SkillsTable"", ""8EE938314F3631BC78762CA3740CD913"", ""Goblin Legion\'s Basic Goblins Damage""))","","PerLevelByOnes","None","None","None","MinionLifespanBonus|Character.Minion.Goblin=12","NSLOCTEXT(""SkillsTable"", ""6B3BBFBC4CE63A8E21B2099A82335A1E"", ""12 secs. Increased Lifespan for Goblins"")","DamagePctBySkillTag|Skill.Pet=0.65","NSLOCTEXT(""SkillsTable"", ""A65BCE0C47F0E44107230F9259FE9BD9"", ""+65% Pet Damage"")","SkillModifier|Skill.Sharpshooter.Milestone.Goblin1=1;MinionsOnProcFromAffix|Sharpshooter_Brute=1","NSLOCTEXT(""SkillsTable"", ""6CA0735940790304698CFC80C00FDB6E"", ""Goblin Legion now summons a Ghostly Goblin Brute who deals 75% of your Weapon Damage"")","False","False","2","0","(RowName="""")","30.000000","Default","Skill00",""
SS_Scout,"/Game/Skills/Blueprints/Sharpshooter/Skill_Scout.Skill_Scout_C","Character.Player.Sharpshooter","Default","None","10","0","0","True","(GameplayTags=((TagName=""Skill.Active""),(TagName=""Skill.Sharpshooter.Adventurer""),(TagName=""Skill.Cooldown.Sharpshooter"")))","(GameplayTags=)","(RowName=""SS_Adventurer"")","1","Default","SkillDamageFactorMultiplier|SS_Scout=.05","(NSLOCTEXT(""SkillsTable"", ""66A4DA254DD2649229F229AC847F7268"", ""Scout\'s Bones Damage""))","","PerLevelByOnes","None","None","None","SkillModifier|Skill.Sharpshooter.Milestone.Scout1=1","NSLOCTEXT(""SkillsTable"", ""F51314864EAD0C0D7A8C9390643556CE"", ""Scout\'s Bones now gives an extra stack of its Precision Skill buff"")","CriticalHitChanceForType|Skill.Sharpshooter.Ranged=.1","NSLOCTEXT(""SkillsTable"", ""179B3C814AE9C608F56D67B8B114F40D"", ""+10% Critical Hit Chance for Precision Skills"")","SkillModifier|Skill.Sharpshooter.Milestone.Scout2=1","NSLOCTEXT(""SkillsTable"", ""3BE476024D42E75F0F13648728C952A3"", ""Scout\'s Bones now fires three balls of rats"")","False","False","0","0","(RowName="""")","30.000000","Default","Skill00",""
SS_Heartseeker,"/Game/Skills/Blueprints/Sharpshooter/Skill_Sharpshooter_Heartseeker.Skill_Sharpshooter_Heartseeker_C","Character.Player.Sharpshooter","Default","None","10","0","0","True","(GameplayTags=((TagName=""Skill.Active""),(TagName=""Skill.Sharpshooter.Ranged.Shoot"")))","(GameplayTags=)","(RowName=""SS_Precision"")","15","Default","RandomBonusPctBySkillName|SS_Heartseeker=.05","(NSLOCTEXT(""SkillsTable"", ""1AAA8A5244DA11EF60D25692A9371A28"", ""Heart Seeker\'s Bleed Damage""))","","PerLevelByOnes","None","None","None","EnergyCostPctBySkillName|SS_Heartseeker=-1","NSLOCTEXT(""SkillsTable"", ""CECAB5A742991E0C7FE64580ED270DB6"", ""Heart Seeker Ammo Cost Removed"")","ProcChance|PrecisionHeal=.005","NSLOCTEXT(""SkillsTable"", ""937E366A450956C128A1F6856BF17A7D"", ""5% chance for Precision Skills to Heal you for 5% of your Total Health on Hit"")","SkillModifier|Skill.Sharpshooter.Milestone.Heartseeker1=1","NSLOCTEXT(""SkillsTable"", ""074478274F083074B7BD3B8C37A2B49B"", ""Heart Seeker now fires 3 missiles that seek out enemies, dealing Heart Seeker\'s Weapon Damage"")","False","False","2","3","(RowName="""")","30.000000","Default","Skill00",""
SS_ExplosiveArrow,"/Game/Skills/Blueprints/Sharpshooter/Skill_Sharpshooter_ExplosiveArrow.Skill_Sharpshooter_ExplosiveArrow_C","Character.Player.Sharpshooter","Default","None","10","0","0","True","(GameplayTags=((TagName=""Skill.Active""),(TagName=""Skill.Sharpshooter.Ranged.Shoot""),(TagName=""Skill.Cooldown.Sharpshooter"")))","(GameplayTags=)","(RowName=""SS_Precision"")","15","Default","SkillDamageFactorMultiplier|SS_ExplosiveArrow=.05;","(NSLOCTEXT(""SkillsTable"", ""2294329D43BD05075BA69BB8FCBB7237"", ""Explosive Arrow Damage""))","","PerLevelByOnes","None","None","None","SkillModifier|Skill.Sharpshooter.Milestone.ExplosiveArrow1=1","NSLOCTEXT(""SkillsTable"", ""19E197534B97A98FBC6234B1D95C4A0E"", ""Explosive Arrow makes enemies Burn for 50% Weapon Damage for 3 secs."")","ProcChance|PrecisionStun=.05","NSLOCTEXT(""SkillsTable"", ""1B5D1AAF49C76B56FADBD2B6C5760587"", ""5% Chance for Precision Skills to Stun for 1 sec."")","SkillModifier|Skill.Sharpshooter.Milestone.ExplosiveArrow2=1;ProcChance|RangedBasicExplode=1","NSLOCTEXT(""SkillsTable"", ""461BEF4F4F5B357303BDCE89B0A687A4"", ""Using Explosive Arrow makes your next three ranged Basic Attacks explode for 50% Weapon Damage"")","False","False","0","3","(RowName="""")","30.000000","Default","Skill00",""
SS_Shasta,"/Game/Skills/Blueprints/Sharpshooter/Skill_Sharpshooter_Shasta.Skill_Sharpshooter_Shasta_C","Character.Player.Sharpshooter","Default","None","10","0","0","True","(GameplayTags=((TagName=""Skill.Active""),(TagName=""Skill.Sharpshooter.Adventurer""),(TagName=""Skill.Cooldown.Sharpshooter"")))","(GameplayTags=)","(RowName=""SS_Adventurer"")","20","Default","SkillDamageFactorMultiplier|SS_ShastaBasic=.056","(NSLOCTEXT(""SkillsTable"", ""EE18F22C4E253BF069653B9D1C285525"", ""Shasta Damage""))","","PerLevelByOnes","None","None","None","MinionLifespanBonus|Character.Minion.Shasta=12","NSLOCTEXT(""SkillsTable"", ""A1281EE14AE714F6F1B032AB2B46833C"", ""12 secs. increased summon Duration for Shasta"")","DamagePctByStatusEffectTag|StatusEffect.Taunt=.5","NSLOCTEXT(""SkillsTable"", ""AF0B540E4ED6FC8F0187C68A81045C5B"", ""50% increased Damage to Taunted enemies"")","SkillModifier|Skill.Sharpshooter.Milestone.Shasta1=1","NSLOCTEXT(""SkillsTable"", ""E51042DE44282DB02E9871ACA2BAA054"", ""Shasta now has a burning area around her, dealing 50% Weapon Damage"")","False","False","0","4","(RowName="""")","30.000000","Default","Skill00",""
SS_SmokeBomb,"/Game/Skills/Blueprints/Sharpshooter/Skill_Sharpshooter_SmokeBomb.Skill_Sharpshooter_SmokeBomb_C","Character.Player.Sharpshooter","Default","None","10","0","0","True","(GameplayTags=((TagName=""Skill.Active""),(TagName=""Skill.Sharpshooter.Adventurer""),(TagName=""Skill.Cooldown.Sharpshooter"")))","(GameplayTags=)","(RowName=""SS_Adventurer"")","5","Default","RandomBonusPctBySkillName|SS_SmokeBomb=.025;","(NSLOCTEXT(""SkillsTable"", ""4D65A74F46111456958AD1B97CD96F83"", ""Increased Critical Hit Chance after using Ghost Visage""))","","PerLevelByOnes","None","None","None","SmokeBombCharges.Max=1","NSLOCTEXT(""SkillsTable"", ""AB9933FE416EDED2A1C77D93B825A44D"", ""Ghost Visage gains an additional Charge"")","ProcChance|PotionIntangible=.25","NSLOCTEXT(""SkillsTable"", ""A8BB3EBA4E6C04531CD7568DFAFBB66E"", ""25% chance to become Intangible after using a Potion for 3 secs."")","SkillModifier|Skill.Sharpshooter.Milestone.GhostVisage1=1;MinionsOnProcFromAffix|GhostVisageTaunter=1","NSLOCTEXT(""SkillsTable"", ""81617AA44853480C2D6060B567C8E106"", ""Triggering Ghost Visage leaves behind a spectre at your starting location that Taunts enemies for 2 secs."")","False","False","1","1","(RowName="""")","30.000000","Default","Skill00",""
SS_TargetedStrikes,"/Game/Skills/Blueprints/Sharpshooter/Skill_Sharpshooter_TargetedStrikes.Skill_Sharpshooter_TargetedStrikes_C","Character.Player.Sharpshooter","Default","None","10","0","0","True","(GameplayTags=((TagName=""Skill.Active""),(TagName=""Skill.Sharpshooter.Ranged.Shoot"")))","(GameplayTags=)","(RowName=""SS_Precision"")","5","Default","SkillDamageFactorMultiplier|SS_TargetedStrikes=.056","(NSLOCTEXT(""SkillsTable"", ""9CF6A0D74FD86591DAFA54BCED9F301A"", ""Targeted Strikes Damage""))","","PerLevelByOnes","None","None","None","SkillModifier|Skill.Sharpshooter.Milestone.TargetedStrikes1=1","NSLOCTEXT(""SkillsTable"", ""A20F863D4795721E25ACCABC0EF01D63"", ""Each successive hit in a volley now deals +25% more Damage"")","Ammo.Regen.Multiplier=.5","NSLOCTEXT(""SkillsTable"", ""F5B370274598155A3D44929823D7656A"", ""+50% Ammo recharge rate"")","SkillModifier|Skill.Sharpshooter.Milestone.TargetedStrikes2=1","NSLOCTEXT(""SkillsTable"", ""5E0554834C711BD0B70D07AF5D8AC8CD"", ""Every third Targeted Strikes fires larger arrows that deal double Damage"")","False","False","2","1","(RowName=""TrySkill_Skill_Sharpshooter_TargetedStrikes"")","30.000000","Default","Skill00",""
SS_TriShot,"/Game/Skills/Blueprints/Sharpshooter/Skill_Sharpshooter_TriShot.Skill_Sharpshooter_TriShot_C","Character.Player.Sharpshooter","Default","None","10","0","0","True","(GameplayTags=((TagName=""Skill.Active""),(TagName=""Skill.Sharpshooter.Ranged.Shoot"")))","(GameplayTags=)","(RowName=""SS_Precision"")","1","Default","SkillDamageFactorMultiplier|SS_TriShot=.05;","(NSLOCTEXT(""SkillsTable"", ""DD59DA574B485DB303DA39953321D49F"", ""Tight Grouping Damage""))","","PerLevelByOnes","None","None","None","SkillModifier|Skill.Sharpshooter.Milestone.TightGrouping1=1","NSLOCTEXT(""SkillsTable"", ""2DC209324EC702D45306AC980B6CAB4F"", ""Tight Grouping now Slows enemies for -40% movement speed for 2 secs."")","CooldownPctBySkillTag|Skill.Emberweapon=-.2","NSLOCTEXT(""SkillsTable"", ""5948E12A4A0083EF464C59990502E0F0"", ""-20% to Relic Active Skill Cooldowns"")","SkillModifier|Skill.Sharpshooter.Milestone.TightGrouping2=1","NSLOCTEXT(""SkillsTable"", ""4B44C91449C350B35AD3BFB250B309BC"", ""Tight Grouping now fires a second burst every third volley"")","False","False","1","0","(RowName="""")","30.000000","Default","Skill00",""
Skill_BasicAttack,"/Game/Skills/Blueprints/Weapons/Skill_BasicAttack.Skill_BasicAttack_C","Character.Player","Instant","None","1","1","0","False","(GameplayTags=((TagName=""Skill.Global""),(TagName=""Skill.Active"")))","(GameplayTags=)","(RowName="""")","0","Default","","","","None","None","None","None","","","","","","","False","False","0","0","(RowName="""")","30.000000","Default","Skill00",""
Skill_Potion,"/Game/Skills/Blueprints/Skill_Potion.Skill_Potion_C","Character.Player","Default","None","1","1","0","False","(GameplayTags=((TagName=""Skill.Potion"")))","(GameplayTags=)","(RowName="""")","0","Default","","","","None","None","None","None","","","","","","","False","False","0","0","(RowName="""")","30.000000","Default","Potion",""
Skill_PoisonCurePotion,"/Game/Skills/Blueprints/Skill_PoisonCurePotion.Skill_PoisonCurePotion_C","Character.Player","Default","None","1","1","0","False","(GameplayTags=((TagName=""Skill.Potion"")))","(GameplayTags=)","(RowName="""")","0","Default","","","","None","None","None","None","","","","","","","False","False","0","0","(RowName="""")","30.000000","Default","Potion",""
Skill_SendPetToTown,"/Game/Skills/Blueprints/Skill_SendPetToTown.Skill_SendPetToTown_C","Character.Player","Instant","None","1","1","0","True","(GameplayTags=)","(GameplayTags=)","(RowName="""")","0","Default","","","","None","None","None","None","","","","","","","False","False","0","0","(RowName="""")","30.000000","Default","None",""
Skill_PainandGain_SpeedOnBlock,"/Game/Skills/Blueprints/EmberWeapons/ChampionsAmulet/Skill_Passive_PainandGain_IncreasedAttackSpeed.Skill_Passive_PainandGain_IncreasedAttackSpeed_C","Character.Player","Instant","None","1","0","0","True","(GameplayTags=((TagName=""Skill.Passive""),(TagName=""Skill.EmberWeapon"")))","(GameplayTags=)","(RowName="""")","0","Default","","","","None","None","None","None","","","","","","","False","False","0","0","(RowName="""")","30.000000","None","None","Relic Weapon"
Skill_PainandGain_ShieldBash,"/Game/Skills/Blueprints/EmberWeapons/ChampionsAmulet/Skill_PainandGain_ShieldBash.Skill_PainandGain_ShieldBash_C","Character.Player","Instant","None","1","0","0","True","(GameplayTags=((TagName=""Skill.Active""),(TagName=""Skill.EmberWeapon"")))","(GameplayTags=)","(RowName="""")","0","Default","","","","None","None","None","None","","","","","","","False","False","0","0","(RowName="""")","30.000000","None","None","Relic Weapon"
Skill_PainandGain_VictoryPerformance,"/Game/Skills/Blueprints/EmberWeapons/ChampionsAmulet/Skill_PainandGain_VictoryPerformance.Skill_PainandGain_VictoryPerformance_C","Character.Player","Default","None","1","0","0","True","(GameplayTags=((TagName=""Skill.Active""),(TagName=""Skill.EmberWeapon"")))","(GameplayTags=)","(RowName="""")","0","Default","","","","None","None","None","None","","","","","","","False","False","0","0","(RowName="""")","30.000000","None","None","Relic Weapon"
Skill_Glacier,"/Game/Skills/Blueprints/EmberWeapons/Coldheart/Skill_Glacier.Skill_Glacier_C","Character.Player","Instant","None","1","0","0","True","(GameplayTags=((TagName=""Skill.Active""),(TagName=""Skill.EmberWeapon.Active""),(TagName=""Skill.EmberWeapon.ColdHeart""),(TagName=""Skill.Cooldown.Relic"")))","(GameplayTags=)","(RowName="""")","0","Default","","","","None","None","None","None","","","","","","","False","False","0","0","(RowName="""")","30.000000","Default","Skill00","Relic Weapon"
Skill_IceAge,"/Game/Skills/Blueprints/EmberWeapons/Coldheart/Skill_IceAge.Skill_IceAge_C","Character.Player","Instant","None","1","0","0","True","(GameplayTags=((TagName=""Skill.EmberWeapon""),(TagName=""Skill.Active"")))","(GameplayTags=)","(RowName="""")","0","Default","","","","None","None","None","None","","","","","","","False","False","1","0","(RowName="""")","30.000000","Default","Skill00","Relic Weapon"
Skill_Icicles,"/Game/Skills/Blueprints/EmberWeapons/Coldheart/Skill_Icicles.Skill_Icicles_C","Character.Player","None","None","1","0","0","True","(GameplayTags=((TagName=""Skill.EmberWeapon""),(TagName=""Skill.Passive"")))","(GameplayTags=)","(RowName="""")","0","Default","","","","None","None","None","None","","","","","","","False","False","0","1","(RowName="""")","30.000000","None","None","Relic Weapon"
Skill_CursedStaff_ColdSickness,"/Game/Skills/Blueprints/EmberWeapons/Skill_ColdSickness.Skill_ColdSickness_C","Character.Player","Default","None","1","0","0","True","(GameplayTags=((TagName=""Skill.EmberWeapon""),(TagName=""Skill.Active"")))","(GameplayTags=)","(RowName="""")","0","Default","","","","None","None","None","None","","","","","","","False","False","0","2","(RowName="""")","30.000000","Default","Skill00","Relic Weapon"
Skill_UnboundBlade_SlowOnCrit,"/Game/Skills/Blueprints/EmberWeapons/Passive_SlowOnCrit.Passive_SlowOnCrit_C","Character.Player","None","None","1","0","0","True","(GameplayTags=((TagName=""Skill.Passive""),(TagName=""Skill.EmberWeapon"")))","(GameplayTags=)","(RowName="""")","0","Default","","","","None","None","None","None","","","","","","","False","False","1","2","(RowName="""")","30.000000","None","None","Relic Weapon"
Skill_Thunderbuss_LightningHit,"/Game/Skills/Blueprints/EmberWeapons/Electrode/Skill_Electrode_LightningHit.Skill_Electrode_LightningHit_C","Character.Player","Default","None","1","0","0","True","(GameplayTags=((TagName=""Skill.EmberWeapon""),(TagName=""Skill.Active"")))","(GameplayTags=)","(RowName="""")","0","Default","","","","None","None","None","None","","","","","","","False","False","0","3","(RowName="""")","30.000000","Default","Skill00","Relic Weapon"
Skill_Flametongue_BurningExploding,"/Game/Skills/Blueprints/EmberWeapons/Skill_Passive_EmberWeapon_FlameTongue_BurningExploding.Skill_Passive_EmberWeapon_FlameTongue_BurningExploding_C","Character.Player","Instant","None","1","0","0","True","(GameplayTags=((TagName=""Skill.EmberWeapon""),(TagName=""Skill.Passive"")))","(GameplayTags=)","(RowName="""")","0","Default","","","","None","None","None","None","","","","","","","False","False","1","3","(RowName="""")","30.000000","None","None","Relic Weapon"
Skill_Passive_EmberWeapon_Bane_MissilesOnPoisonHit,"/Game/Skills/Blueprints/EmberWeapons/Bane/Skill_EmberWeapon_Bane_MissilesOnPoisonHit.Skill_EmberWeapon_Bane_MissilesOnPoisonHit_C","Character.Player","None","None","1","0","0","True","(GameplayTags=((TagName=""Skill.EmberWeapon""),(TagName=""Skill.Passive"")))","(GameplayTags=)","(RowName="""")","0","Default","","","","None","None","None","None","","","","","","","False","False","0","0","(RowName="""")","30.000000","None","None","Relic Weapon"
Skill_Conduit_LocalizedStorm,"/Game/Skills/Blueprints/EmberWeapons/Electrode/Skill_Conduit_LocalizedStorm.Skill_Conduit_LocalizedStorm_C","Character.Player","Default","None","1","0","0","True","(GameplayTags=((TagName=""Skill.Active""),(TagName=""Skill.EmberWeapon""),(TagName=""Skill.Cooldown.Relic"")))","(GameplayTags=)","(RowName="""")","0","Default","","","","None","None","None","None","","","","","","","False","False","0","4","(RowName="""")","30.000000","Default","Skill00","Relic Weapon"
Skill_Timesphere,"/Game/Skills/Blueprints/EmberWeapons/ClockworkStaff/Skill_Timesphere.Skill_Timesphere_C","Character.Player","Instant","None","1","0","0","True","(GameplayTags=((TagName=""Skill.EmberWeapon""),(TagName=""Skill.Active"")))","(GameplayTags=)","(RowName="""")","0","Default","","","","None","None","None","None","","","","","","","False","False","1","4","(RowName="""")","30.000000","Default","Skill00","Relic Weapon"
Skill_Passive_TemporalStaff,"/Game/Skills/Blueprints/EmberWeapons/ClockworkStaff/Skill_Passive_TemporalStaff.Skill_Passive_TemporalStaff_C","Character.Player","None","None","1","0","0","True","(GameplayTags=((TagName=""Skill.EmberWeapon""),(TagName=""Skill.Passive"")))","(GameplayTags=)","(RowName="""")","0","Default","","","","None","None","None","None","","","","","","","False","False","0","5","(RowName="""")","30.000000","None","None","Relic Weapon"
Skill_Singularity,"/Game/Skills/Blueprints/EmberWeapons/ClockworkStaff/Skill_Singularity.Skill_Singularity_C","Character.Player","Instant","None","1","0","0","True","(GameplayTags=((TagName=""Skill.EmberWeapon""),(TagName=""Skill.Active"")))","(GameplayTags=)","(RowName="""")","0","Default","","","","None","None","None","None","","","","","","","False","False","1","5","(RowName="""")","30.000000","Default","Skill00","Relic Weapon"
Pet_Melee,"/Game/Skills/Blueprints/Monsters/Skill_PetMeleeAttack.Skill_PetMeleeAttack_C","Character","Default","None","1","1","0","False","(GameplayTags=((TagName=""Skill.Pet.Basic"")))","(GameplayTags=)","(RowName="""")","0","Default","","","","None","None","None","None","","","","","","","False","False","0","0","(RowName="""")","30.000000","Pet","Basic_Attack",""
PetAura_Defense,"/Game/Skills/Blueprints/Pets/AurasandBuffs/Skill_Aura_DefenseIncrease.Skill_Aura_DefenseIncrease_C","Character","Default","None","1","0","0","True","(GameplayTags=((TagName=""Skill.Pet.Aura"")))","(GameplayTags=((TagName=""Skill.Pet.Aura"")))","(RowName="""")","0","Default","","","","None","None","None","None","","","","","","","False","False","0","0","(RowName="""")","30.000000","Pet","Skill00",""
PetAura_CritChance,"/Game/Skills/Blueprints/Pets/AurasandBuffs/Skill_Aura_DeadlyStrikes.Skill_Aura_DeadlyStrikes_C","Character","Default","None","1","0","0","True","(GameplayTags=((TagName=""Skill.Pet.Aura"")))","(GameplayTags=((TagName=""Skill.Pet.Aura"")))","(RowName="""")","0","Default","","","","None","None","None","None","","","","","","","False","False","1","0","(RowName="""")","30.000000","Pet","Skill00",""
PetAura_MovementSpeed,"/Game/Skills/Blueprints/Pets/AurasandBuffs/Skill_Aura_MovmentSpeed.Skill_Aura_MovmentSpeed_C","Character","Default","None","1","0","0","True","(GameplayTags=((TagName=""Skill.Pet.Aura"")))","(GameplayTags=((TagName=""Skill.Pet.Aura"")))","(RowName="""")","0","Default","","","","None","None","None","None","","","","","","","False","False","2","0","(RowName="""")","30.000000","Pet","Skill00",""
PetAura_BlockChance,"/Game/Skills/Blueprints/Pets/AurasandBuffs/Skill_Aura_BlockChance.Skill_Aura_BlockChance_C","Character","Default","None","1","0","0","True","(GameplayTags=((TagName=""Skill.Pet.Aura"")))","(GameplayTags=((TagName=""Skill.Pet.Aura"")))","(RowName="""")","0","Default","","","","None","None","None","None","","","","","","","False","False","0","3","(RowName="""")","30.000000","Pet","Skill00",""
PetBuff_BattleCry,"/Game/Skills/Blueprints/Pets/AurasandBuffs/Skill_BattleCry.Skill_BattleCry_C","Character","Instant","None","1","0","0","False","(GameplayTags=((TagName=""Skill.Pet"")))","(GameplayTags=)","(RowName="""")","0","Default","","","","None","None","None","None","","","","","","","False","False","0","1","(RowName="""")","30.000000","Pet","Skill00","Fireball skill on pet"
PetBuff_MenacingSound,"/Game/Skills/Blueprints/Pets/Debuffs/Skill_MenacingSound.Skill_MenacingSound_C","Character","Instant","None","1","0","0","True","(GameplayTags=((TagName=""Skill.Pet"")))","(GameplayTags=)","(RowName="""")","0","Default","","","","None","None","None","None","","","","","","","False","True","1","1","(RowName="""")","30.000000","Pet","Skill00",""
PetBuff_DefensivePosture,"/Game/Skills/Blueprints/Pets/AurasandBuffs/Skill_DefensivePosture.Skill_DefensivePosture_C","Character","Instant","None","1","0","0","True","(GameplayTags=((TagName=""Skill.Pet"")))","(GameplayTags=)","(RowName="""")","0","Default","","","","None","None","None","None","","","","","","","False","False","2","1","(RowName="""")","30.000000","Pet","Skill00",""
PetBuff_HealingFriendship,"/Game/Skills/Blueprints/Pets/AurasandBuffs/Skill_HealingFriendship.Skill_HealingFriendship_C","Character","Instant","None","1","0","0","True","(GameplayTags=((TagName=""Skill.Pet"")))","(GameplayTags=)","(RowName="""")","0","Default","","","","None","None","None","None","","","","","","","False","False","1","3","(RowName="""")","30.000000","Pet","Skill00",""
PetDebuff_ScreechingStun,"/Game/Skills/Blueprints/Pets/Debuffs/Skill_ScreechingStun.Skill_ScreechingStun_C","Character","Default","None","1","0","0","True","(GameplayTags=((TagName=""Skill.Pet"")))","(GameplayTags=)","(RowName="""")","0","Default","","","","None","None","None","None","","","","","","","False","False","0","2","(RowName="""")","30.000000","Pet","Skill00",""
Bane_CritChanceWhileActive,"/Game/Skills/Blueprints/EmberWeapons/Bane/SkillTreePlaceholders/SkillTree_Bane_CritChanceWhileActive.SkillTree_Bane_CritChanceWhileActive_C","Character.Player","Default","None","10","0","0","True","(GameplayTags=((TagName=""Skill.Passive""),(TagName=""Skill.EmberWeapon.Bane""),(TagName=""Skill.EmberWeapon.Activated"")))","(GameplayTags=)","(RowName=""Bane"")","1","StatusEffect","CriticalHitChance=.025","(NSLOCTEXT(""SkillsTable"", ""C891CF884EE945F21C2FE69946FFAF6C"", ""Critical Hit chance""))","","PerLevelByOnesStartWithOne","None","None","None","","","","","","","False","False","1","0","(RowName="""")","30.000000","None","None",""
Bane_PoisonChanceWhileActive,"/Game/Skills/Blueprints/EmberWeapons/Bane/SkillTreePlaceholders/SkillTree_Bane_PoisonChanceWhileActive.SkillTree_Bane_PoisonChanceWhileActive_C","Character.Player","Default","None","10","0","0","True","(GameplayTags=((TagName=""Skill.Passive""),(TagName=""Skill.EmberWeapon.Bane""),(TagName=""Skill.EmberWeapon.Activated"")))","(GameplayTags=)","(RowName=""Bane"")","1","StatusEffect","ElementalProcChance|Proc.Poison=.05","(NSLOCTEXT(""SkillsTable"", ""65FED3DB4A0E4EF0A4AB3F914E7B420A"", ""Poison chance""))","","PerLevelByOnesStartWithOne","None","None","None","","","","","","","False","False","2","0","(RowName="""")","30.000000","None","None",""
Bane_ActiveSkillDamage,"/Game/Skills/Blueprints/EmberWeapons/Bane/SkillTreePlaceholders/SkillTree_Bane_ActiveDamage.SkillTree_Bane_ActiveDamage_C","Character.Player","Default","None","10","0","0","True","(GameplayTags=((TagName=""Skill.Passive""),(TagName=""Skill.EmberWeapon.Bane"")))","(GameplayTags=)","(RowName=""Bane"")","5","Default","SkillDamageFactorMultiplier|Bane_FangedMaw=0.05","(NSLOCTEXT(""SkillsTable"", ""4B97C29D44007531B551838B40B31D14"", ""Damage for Venomous Maw""))","","PerLevelByOnesStartWithOne","None","None","None","","","","","","","False","False","1","1","(RowName="""")","30.000000","None","None",""
Bane_ActiveSkillCooldown,"/Game/Skills/Blueprints/EmberWeapons/Bane/SkillTreePlaceholders/SkillTree_Bane_ActiveSkillCooldown.SkillTree_Bane_ActiveSkillCooldown_C","Character.Player","Default","None","10","0","0","True","(GameplayTags=((TagName=""Skill.EmberWeapon.Bane""),(TagName=""Skill.Passive"")))","(GameplayTags=)","(RowName=""Bane"")","5","Default","CooldownPctBySkillName|Bane_FangedMaw=-.05","(NSLOCTEXT(""SkillsTable"", ""FEC3540B49ADC0EDA3FBB0844EFB92E0"", ""Venomous Maw cooldown duration""))","","PerLevelByOnesStartWithOne","None","None","None","","","","","","","False","False","2","1","(RowName="""")","30.000000","None","None",""
Bane_SnakeMissileDamage,"/Game/Skills/Blueprints/EmberWeapons/Bane/SkillTreePlaceholders/SkillTree_Bane_MissileDamage.SkillTree_Bane_MissileDamage_C","Character.Player","Default","None","10","0","0","True","(GameplayTags=((TagName=""Skill.Passive""),(TagName=""Skill.EmberWeapon.Bane"")))","(GameplayTags=)","(RowName=""Bane"")","10","Default","SkillDamageFactorMultiplier|Skill_Passive_EmberWeapon_Bane_MissilesOnPoisonHit=.05","(NSLOCTEXT(""SkillsTable"", ""C728EF7B492C79B3544C00AF973FFE12"", ""Bane Poison Missile damage""))","","PerLevelByOnesStartWithOne","None","None","None","","","","","","","False","False","1","2","(RowName="""")","30.000000","None","None",""
Bane_IncreasedMissileChance,"/Game/Skills/Blueprints/EmberWeapons/Bane/SkillTreePlaceholders/SkillTree_Bane_MissilesChance.SkillTree_Bane_MissilesChance_C","Character.Player","Default","None","10","0","0","True","(GameplayTags=((TagName=""Skill.Passive""),(TagName=""Skill.EmberWeapon.Bane"")))","(GameplayTags=)","(RowName=""Bane"")","10","Default","ProcChance|MissilesOnPoisoned=.025","(NSLOCTEXT(""SkillsTable"", ""E10DA57E43D63D93A93F3FA7A60381B2"", ""Increased Spread of Death Chance""))","","PerLevelByOnesStartWithOne","None","None","None","","","","","","","False","False","2","2","(RowName="""")","30.000000","None","None",""
Bane_SpiderSummonChance,"/Game/Skills/Blueprints/EmberWeapons/Bane/SkillTreePlaceholders/SkillTree_Bane_SpiderSummonChance.SkillTree_Bane_SpiderSummonChance_C","Character.Player","Default","None","10","0","0","True","(GameplayTags=((TagName=""Skill.Passive""),(TagName=""Skill.EmberWeapon.Bane"")))","(GameplayTags=)","(RowName=""Bane"")","15","Default","ProcChance|SpiderAllies=.05","(NSLOCTEXT(""SkillsTable"", ""F7C9053440CBC03E0A2D3CBFC075A69F"", ""Increased chance to summon Spider Allies on kill""))","","PerLevelByOnesStartWithOne","None","None","None","","","","","","","False","False","1","3","(RowName="""")","30.000000","None","None",""
Bane_SpiderMinionCount,"/Game/Skills/Blueprints/EmberWeapons/Bane/SkillTreePlaceholders/SkillTree_Bane_SpiderCount.SkillTree_Bane_SpiderCount_C","Character.Player","Default","None","10","0","0","True","(GameplayTags=((TagName=""Skill.Passive""),(TagName=""Skill.EmberWeapon.Bane"")))","(GameplayTags=)","(RowName=""Bane"")","15","Default","BonusInventoryCapacity|Character.Minion.BaneSpider=1","(NSLOCTEXT(""SkillsTable"", ""DA7C8A714DE65A499B8A85BA8E2B7B94"", ""Increased spider count""))","","PerLevelByOnesStartWithOne","None","None","None","","","","","","","False","False","2","3","(RowName="""")","30.000000","None","None",""
Bane_ActivationSkill,"/Game/Skills/Blueprints/EmberWeapons/Bane/Skill_Bane_Activation.Skill_Bane_Activation_C","Character.Player","Default","None","1","1","1","False","(GameplayTags=((TagName=""Skill.Passive""),(TagName=""Skill.EmberWeapon.Bane""),(TagName=""Skill.EmberWeapon.UltimateActive""),(TagName=""Skill.Cooldown"")))","(GameplayTags=)","(RowName=""Bane"")","0","Default","","","","None","None","None","None","","","","","","","False","False","0","0","(RowName="""")","30.000000","None","None",""
Bane_FangedMaw,"/Game/Skills/Blueprints/EmberWeapons/Bane/Bane_FangedMaw.Bane_FangedMaw_C","Character.Player","Default","None","1","0","5","False","(GameplayTags=((TagName=""Skill.Active""),(TagName=""Skill.EmberWeapon.Bane""),(TagName=""Skill.EmberWeapon.Active""),(TagName=""Skill.Cooldown.Relic"")))","(GameplayTags=)","(RowName=""Bane"")","0","Default","","","","None","None","None","None","","","","","","","False","False","0","1","(RowName="""")","30.000000","Default","Skill00",""
Bane_MissilesOnPoisonHit,"/Game/Skills/Blueprints/EmberWeapons/Bane/SkillTreePlaceholders/SkillTree_Bane_MissilesOnPoisonHit.SkillTree_Bane_MissilesOnPoisonHit_C","Character.Player","Default","None","1","0","10","False","(GameplayTags=((TagName=""Skill.Passive""),(TagName=""Skill.EmberWeapon.Bane"")))","(GameplayTags=)","(RowName=""Bane"")","0","Default","ProcChance|MissilesOnPoisoned=.3","","","None","None","None","None","","","","","","","False","False","0","2","(RowName="""")","30.000000","None","None",""
Bane_SpiderAllies,"/Game/Skills/Blueprints/EmberWeapons/Bane/SkillTreePlaceholders/SkillTree_Bane_SpiderSummon.SkillTree_Bane_SpiderSummon_C","Character.Player","Default","None","1","0","15","False","(GameplayTags=((TagName=""Skill.Passive""),(TagName=""Skill.EmberWeapon.Bane"")))","(GameplayTags=)","(RowName=""Bane"")","0","Default","ProcChance|SpiderAllies=.4","","","Ones","None","None","None","","","","","","","False","False","0","3","(RowName="""")","30.000000","None","None",""
Bane_EnhancedActivationSkill,"/Game/Skills/Blueprints/EmberWeapons/Bane/SkillTreePlaceholders/SkillTree_Bane_EnhancedActivation.SkillTree_Bane_EnhancedActivation_C","Character.Player","Default","None","1","0","30","False","(GameplayTags=((TagName=""Skill.Passive""),(TagName=""Skill.EmberWeapon.Bane""),(TagName=""Skill.EmberWeapon.UltimateActive"")))","(GameplayTags=)","(RowName=""Bane"")","0","Default","","","","None","None","None","None","","","","","","","False","False","0","4","(RowName="""")","30.000000","None","None",""
FlamingDestroyer_BurnChance,"/Game/Skills/Blueprints/EmberWeapons/FlamingDestroyer/SkillTreePlaceholders/SkillTree_FlamingDestroyer_BurnChance.SkillTree_FlamingDestroyer_BurnChance_C","Character.Player","Default","None","10","0","0","True","(GameplayTags=((TagName=""Skill.Passive""),(TagName=""Skill.EmberWeapon.FlamingDestroyer"")))","(GameplayTags=)","(RowName=""FlamingDestroyer"")","1","StatusEffect","ElementalProcChance|Proc.Burn=.05","(NSLOCTEXT(""SkillsTable"", ""D169273F46101473267201A88C801D5E"", ""Burn chance while Flaming Destroyer is Activated""))","","PerLevelByOnesStartWithOne","None","None","None","","","","","","","False","False","2","0","(RowName="""")","30.000000","None","None",""
FlamingDestroyer_CriticalHitChance,"/Game/Skills/Blueprints/EmberWeapons/FlamingDestroyer/SkillTreePlaceholders/SkillTree_FlamingDestroyer_CriticalHitChance.SkillTree_FlamingDestroyer_CriticalHitChance_C","Character.Player","Default","None","10","0","0","True","(GameplayTags=((TagName=""Skill.Passive""),(TagName=""Skill.EmberWeapon.FlamingDestroyer"")))","(GameplayTags=)","(RowName=""FlamingDestroyer"")","1","StatusEffect","CriticalHitChance=.05","(NSLOCTEXT(""SkillsTable"", ""1B18D04446D81F8A570ED9B0601DDEF1"", ""Critical Hit chance while Flaming Destroyer is Activated""))","","PerLevelByOnesStartWithOne","None","None","None","","","","","","","False","False","1","0","(RowName="""")","30.000000","None","None",""
FlamingDestroyer_ActiveSkillDamage,"/Game/Skills/Blueprints/EmberWeapons/FlamingDestroyer/SkillTreePlaceholders/SkillTree_FlamingDestroyer_ActiveSkillDamage.SkillTree_FlamingDestroyer_ActiveSkillDamage_C","Character.Player","Default","None","10","0","0","True","(GameplayTags=((TagName=""Skill.Passive""),(TagName=""Skill.EmberWeapon.FlamingDestroyer"")))","(GameplayTags=)","(RowName=""FlamingDestroyer"")","5","Default","SkillDamageFactorMultiplier|FlamingDestroyer_SwordSmash=0.05","(NSLOCTEXT(""SkillsTable"", ""906062BC4E6B5053AA40FE86DA4EE76C"", ""Sword Smash damage""))","","PerLevelByOnesStartWithOne","None","None","None","","","","","","","False","False","1","1","(RowName="""")","30.000000","None","None",""
FlamingDestroyer_ActiveSkillCooldown,"/Game/Skills/Blueprints/EmberWeapons/FlamingDestroyer/SkillTreePlaceholders/SkillTree_FlamingDestroyer_ActiveSkillCooldown.SkillTree_FlamingDestroyer_ActiveSkillCooldown_C","Character.Player","Default","None","10","0","0","True","(GameplayTags=((TagName=""Skill.Passive""),(TagName=""Skill.EmberWeapon.FlamingDestroyer"")))","(GameplayTags=)","(RowName=""FlamingDestroyer"")","5","Default","CooldownPctBySkillName|FlamingDestroyer_SwordSmash=-.05","(NSLOCTEXT(""SkillsTable"", ""B4C2C45C4947F25CB6BFF79FBE34F54C"", ""Sword Smash cooldown""))","","PerLevelByOnesStartWithOne","None","None","None","","","","","","","False","False","2","1","(RowName="""")","30.000000","None","None",""
FlamingDestroyer_BurningHazard,"/Game/Skills/Blueprints/EmberWeapons/FlamingDestroyer/SkillTreePlaceholders/SkillTree_FlamingDestroyer_BurningHazard.SkillTree_FlamingDestroyer_BurningHazard_C","Character.Player","Default","None","10","0","0","True","(GameplayTags=((TagName=""Skill.Passive""),(TagName=""Skill.EmberWeapon.FlamingDestroyer"")))","(GameplayTags=)","(RowName=""FlamingDestroyer"")","10","Default","SkillDamageFactorMultiplier|FlamingDestroyer_BurningHazard=.05","(NSLOCTEXT(""SkillsTable"", ""610AD5F84A4EB83D5BF4C5894FFEEEB5"", ""Bonus damage to Lingering Blaze""))","","PerLevelByOnesStartWithOne","None","None","None","","","","","","","False","False","1","2","(RowName="""")","30.000000","None","None",""
FlamingDestroyer_ExplosionFear,"/Game/Skills/Blueprints/EmberWeapons/FlamingDestroyer/SkillTreePlaceholders/SkillTree_FlamingDestroyer_ExplosionFear.SkillTree_FlamingDestroyer_ExplosionFear_C","Character.Player","Default","None","10","0","0","True","(GameplayTags=((TagName=""Skill.Passive""),(TagName=""Skill.EmberWeapon.FlamingDestroyer"")))","(GameplayTags=)","(RowName=""FlamingDestroyer"")","10","Default","RandomBonusPctBySkillName|FlamingDestroyer_ExplosionFear=.05","(NSLOCTEXT(""SkillsTable"", ""ABA501ED44FCFF67696B689864E69F3A"", ""Fear chance for Magma Burst""))","","PerLevelByOnesStartWithOne","None","None","None","","","","","","","False","False","2","2","(RowName="""")","30.000000","None","None",""
FlamingDestroyer_FireballChance,"/Game/Skills/Blueprints/EmberWeapons/FlamingDestroyer/SkillTreePlaceholders/SkillTree_FlamingDestroyer_FireballChance.SkillTree_FlamingDestroyer_FireballChance_C","Character.Player","Default","None","10","0","0","True","(GameplayTags=((TagName=""Skill.Passive""),(TagName=""Skill.EmberWeapon.FlamingDestroyer"")))","(GameplayTags=)","(RowName=""FlamingDestroyer"")","15","Default","ProcChance|Fireballs=.005","(NSLOCTEXT(""SkillsTable"", ""F076302B494C9459D26A88A50D0DF7A8"", ""Fireballs bonus chance""))","","PerLevelByOnesStartWithOne","None","None","None","","","","","","","False","False","1","3","(RowName="""")","30.000000","None","None",""
FlamingDestroyer_FireballsDamage,"/Game/Skills/Blueprints/EmberWeapons/FlamingDestroyer/SkillTreePlaceholders/SkillTree_FlamingDestroyer_FireballsBurning.SkillTree_FlamingDestroyer_FireballsBurning_C","Character.Player","Default","None","10","0","0","True","(GameplayTags=((TagName=""Skill.Passive""),(TagName=""Skill.EmberWeapon.FlamingDestroyer"")))","(GameplayTags=)","(RowName=""FlamingDestroyer"")","15","Default","SkillDamageFactorMultiplier|FlamingDestroyer_Fireballs=.1","(NSLOCTEXT(""SkillsTable"", ""349EC44248E66BEAB9B98BB906C7E61C"", ""Fireball damage""))","","PerLevelByOnesStartWithOne","None","None","None","","","","","","","False","False","2","3","(RowName="""")","30.000000","None","None",""
FlamingDestroyer_Activation,"/Game/Skills/Blueprints/EmberWeapons/FlamingDestroyer/Skill_FlamingDestroyer_ActivationSmash.Skill_FlamingDestroyer_ActivationSmash_C","Character.Player","Default","None","1","1","1","False","(GameplayTags=((TagName=""Skill.Passive""),(TagName=""Skill.EmberWeapon.FlamingDestroyer""),(TagName=""Skill.EmberWeapon.UltimateActive""),(TagName=""Skill.Cooldown"")))","(GameplayTags=)","(RowName=""FlamingDestroyer"")","0","Default","","","","None","None","None","None","","","","","","","False","False","0","0","(RowName="""")","30.000000","None","None",""
FlamingDestroyer_SwordSmash,"/Game/Skills/Blueprints/EmberWeapons/FlamingDestroyer/Skill_FlamingDestroyer_SwordSmash.Skill_FlamingDestroyer_SwordSmash_C","Character.Player","Default","None","1","0","5","False","(GameplayTags=((TagName=""Skill.Active""),(TagName=""Skill.EmberWeapon.FlamingDestroyer""),(TagName=""Skill.EmberWeapon.Active""),(TagName=""Skill.Cooldown.Relic"")))","(GameplayTags=)","(RowName=""FlamingDestroyer"")","0","Default","","","","None","None","None","None","","","","","","","False","False","0","1","(RowName="""")","30.000000","Default","Skill00",""
FlamingDestroyer_ExplodeOnHit,"/Game/Skills/Blueprints/EmberWeapons/FlamingDestroyer/SkillTreePlaceholders/SkillTree_FlamingDestroyer_ExplodeOnHit.SkillTree_FlamingDestroyer_ExplodeOnHit_C","Character.Player","Default","None","1","0","10","False","(GameplayTags=((TagName=""Skill.Passive""),(TagName=""Skill.EmberWeapon.FlamingDestroyer"")))","(GameplayTags=)","(RowName=""FlamingDestroyer"")","0","Default","ProcChance|BurningExploding=.15","(NSLOCTEXT(""SkillsTable"", ""725BE35049B8F09B5CD63C9096C4ABEE"", ""Magma Burst chance""))","","Ones","None","None","None","","","","","","","False","False","0","2","(RowName="""")","30.000000","None","None",""
FlamingDestroyer_Fireballs,"/Game/Skills/Blueprints/EmberWeapons/FlamingDestroyer/SkillTreePlaceholders/SkillTree_FlamingDestroyer_Fireballs.SkillTree_FlamingDestroyer_Fireballs_C","Character.Player","Default","None","1","0","15","False","(GameplayTags=((TagName=""Skill.Passive""),(TagName=""Skill.EmberWeapon.FlamingDestroyer"")))","(GameplayTags=)","(RowName=""FlamingDestroyer"")","0","Default","ProcChance|Fireballs=.06","(NSLOCTEXT(""SkillsTable"", ""3E89C5AB46C67F2AD6F21589995F9BCB"", ""Fireballs chance""))","","PerLevelByOnesStartWithOne","None","None","None","","","","","","","False","False","0","3","(RowName="""")","30.000000","None","None",""
FlamingDestroyer_EnhancedActivation,"/Game/Skills/Blueprints/EmberWeapons/FlamingDestroyer/SkillTreePlaceholders/SkillTree_FlamingDestroyer_EnhancedActivation.SkillTree_FlamingDestroyer_EnhancedActivation_C","Character.Player","Default","None","1","0","30","False","(GameplayTags=((TagName=""Skill.Passive""),(TagName=""Skill.EmberWeapon.FlamingDestroyer""),(TagName=""Skill.EmberWeapon.UltimateActive"")))","(GameplayTags=)","(RowName=""FlamingDestroyer"")","0","Default","","","","None","None","None","None","","","","","","","False","False","0","4","(RowName="""")","30.000000","None","None",""
BloodDrinker_HealthOnKillActivated,"/Game/Skills/Blueprints/EmberWeapons/BloodDrinker/SkillTreePlaceholders/SkillTree_BloodDrinker_HealthOnKillActive.SkillTree_BloodDrinker_HealthOnKillActive_C","Character.Player","Default","None","10","0","0","True","(GameplayTags=((TagName=""Skill.EmberWeapon.Activated""),(TagName=""Skill.EmberWeapon.BloodDrinker""),(TagName=""Skill.Passive"")))","(GameplayTags=)","(RowName=""BloodDrinker"")","1","StatusEffect","HealthOnKillPct=0.01","(NSLOCTEXT(""SkillsTable"", ""9FEED2D04B303F1A1A205094BC96D573"", ""Health on kill while Blood Drinker is Activated""))","","PerLevelByOnesStartWithOne","None","None","None","","","","","","","False","False","1","0","(RowName="""")","30.000000","None","None",""
BloodDrinker_BleedChanceWhileActivated,"/Game/Skills/Blueprints/EmberWeapons/BloodDrinker/SkillTreePlaceholders/SkillTree_BloodDrinker_IncreasedBleedChance.SkillTree_BloodDrinker_IncreasedBleedChance_C","Character.Player","Default","None","10","0","0","True","(GameplayTags=((TagName=""Skill.EmberWeapon.Activated""),(TagName=""Skill.EmberWeapon.BloodDrinker""),(TagName=""Skill.Passive"")))","(GameplayTags=)","(RowName=""BloodDrinker"")","1","StatusEffect","ElementalProcChance|Proc.Bleed=.05","(NSLOCTEXT(""SkillsTable"", ""B22D18B74DAEFE318F6B018CA64DCC8E"", ""Increased Bleed chance while Activated""))","","PerLevelByOnesStartWithOne","None","None","None","","","","","","","False","False","2","0","(RowName="""")","30.000000","None","None",""
BloodDrinker_ActiveSkillDamage,"/Game/Skills/Blueprints/EmberWeapons/BloodDrinker/SkillTreePlaceholders/SkillTree_BloodDrinker_ActiveSkillDamage.SkillTree_BloodDrinker_ActiveSkillDamage_C","Character.Player","Default","None","10","0","0","True","(GameplayTags=((TagName=""Skill.Passive""),(TagName=""Skill.EmberWeapon.BloodDrinker"")))","(GameplayTags=)","(RowName=""BloodDrinker"")","5","Default","SkillDamageFactorMultiplier|BloodDrinker_SpinningBlade=0.05","(NSLOCTEXT(""SkillsTable"", ""D716E55E4A6D0E681A333CADC268D7EA"", ""Spinning Blade damage""))","","PerLevelByOnesStartWithOne","None","None","None","","","","","","","False","False","1","1","(RowName="""")","30.000000","None","None",""
BloodDrinker_ActiveSkillCooldown,"/Game/Skills/Blueprints/EmberWeapons/BloodDrinker/SkillTreePlaceholders/SkillTree_BloodDrinker_ActiveSkillCooldown.SkillTree_BloodDrinker_ActiveSkillCooldown_C","Character.Player","Default","None","10","0","0","True","(GameplayTags=((TagName=""Skill.Passive""),(TagName=""Skill.EmberWeapon.BloodDrinker"")))","(GameplayTags=)","(RowName=""BloodDrinker"")","5","Default","CooldownPctBySkillName|BloodDrinker_SpinningBlade=-.05","(NSLOCTEXT(""SkillsTable"", ""4A8B794D4A256C6D373CAD8F218F46E7"", ""Spinning Blade cooldown""))","","PerLevelByOnesStartWithOne","None","None","None","","","","","","","False","False","2","1","(RowName="""")","30.000000","None","None",""
BloodDrinker_RuptureChance,"/Game/Skills/Blueprints/EmberWeapons/BloodDrinker/SkillTreePlaceholders/SkillTree_BloodDrinker_RuptureChance.SkillTree_BloodDrinker_RuptureChance_C","Character.Player","Default","None","10","0","0","True","(GameplayTags=((TagName=""Skill.Passive""),(TagName=""Skill.EmberWeapon.BloodDrinker"")))","(GameplayTags=)","(RowName=""BloodDrinker"")","10","Default","ProcChance|Rupture=.025","(NSLOCTEXT(""SkillsTable"", ""A7E54696446B533C144E5C96C83982D6"", ""Increased chance to Rupture Bleeding enemies""))","","PerLevelByOnesStartWithOne","None","None","None","","","","","","","False","False","1","2","(RowName="""")","30.000000","None","None",""
BloodDrinker_RuptureDamage,"/Game/Skills/Blueprints/EmberWeapons/BloodDrinker/SkillTreePlaceholders/SkillTree_BloodDrinker_RuptureDamage.SkillTree_BloodDrinker_RuptureDamage_C","Character.Player","Default","None","10","0","0","True","(GameplayTags=((TagName=""Skill.Passive""),(TagName=""Skill.EmberWeapon.BloodDrinker"")))","(GameplayTags=)","(RowName=""BloodDrinker"")","10","Default","SkillDamageFactorMultiplier|BloodDrinker_Rupture=0.05","(NSLOCTEXT(""SkillsTable"", ""C058A1564B3451914C8890931C095838"", ""Rupture damage""))","","PerLevelByOnesStartWithOne","None","None","None","","","","","","","False","False","2","2","(RowName="""")","30.000000","None","None",""
BloodDrinker_BloodPoolHealingIncrease,"/Game/Skills/Blueprints/EmberWeapons/BloodDrinker/SkillTreePlaceholders/SkillTree_BloodDrinker_HealingFromBloodPools.SkillTree_BloodDrinker_HealingFromBloodPools_C","Character.Player","Default","None","10","0","0","True","(GameplayTags=((TagName=""Skill.Passive""),(TagName=""Skill.EmberWeapon.BloodDrinker"")))","(GameplayTags=)","(RowName=""BloodDrinker"")","15","Default","RandomBonusPctBySkillName|BloodDrinker_BloodPoolHealingIncrease=.05","(NSLOCTEXT(""SkillsTable"", ""F83845E04E0EA952041C2A883221E64B"", ""Increased healing from Blood Pools""))","","PerLevelByOnesStartWithOne","None","None","None","","","","","","","False","False","1","3","(RowName="""")","30.000000","None","None",""
BloodDrinker_ChancetoDropTwoBloodPools,"/Game/Skills/Blueprints/EmberWeapons/BloodDrinker/SkillTreePlaceholders/SkillTree_BloodDrinker_BloodPoolDouble.SkillTree_BloodDrinker_BloodPoolDouble_C","Character.Player","Default","None","10","0","0","True","(GameplayTags=((TagName=""Skill.Passive""),(TagName=""Skill.EmberWeapon.BloodDrinker"")))","(GameplayTags=)","(RowName=""BloodDrinker"")","15","Default","RandomBonusPctBySkillName|BloodDrinker_ChancetoDropTwoBloodPools=.05","(NSLOCTEXT(""SkillsTable"", ""16CD0FC9486F75D362BF1EA128E9B682"", ""Chance to drop an additional Blood Pool""))","","PerLevelByOnesStartWithOne","None","None","None","","","","","","","False","False","2","3","(RowName="""")","30.000000","None","None",""
BloodDrinker_Activation,"/Game/Skills/Blueprints/EmberWeapons/BloodDrinker/Skill_BloodDrinker_Activate.Skill_BloodDrinker_Activate_C","Character.Player","Default","None","1","1","1","False","(GameplayTags=((TagName=""Skill.Passive""),(TagName=""Skill.EmberWeapon.BloodDrinker""),(TagName=""Skill.EmberWeapon.UltimateActive""),(TagName=""Skill.Cooldown"")))","(GameplayTags=)","(RowName=""BloodDrinker"")","0","Default","","","","None","None","None","None","","","","","","","False","False","0","0","(RowName="""")","30.000000","None","None",""
BloodDrinker_SpinningBlade,"/Game/Skills/Blueprints/EmberWeapons/BloodDrinker/Skill_BloodDrinker_SpinningBlade.Skill_BloodDrinker_SpinningBlade_C","Character.Player","Default","None","1","0","5","False","(GameplayTags=((TagName=""Skill.Active""),(TagName=""Skill.EmberWeapon.BloodDrinker""),(TagName=""Skill.EmberWeapon.Active""),(TagName=""Skill.Cooldown.Relic"")))","(GameplayTags=)","(RowName=""BloodDrinker"")","0","Default","","","","None","None","None","None","","","","","","","False","False","0","1","(RowName="""")","30.000000","Default","Skill00",""
BloodDrinker_Rupture,"/Game/Skills/Blueprints/EmberWeapons/Skill_Rupture.Skill_Rupture_C","Character.Player","Default","None","1","0","10","False","(GameplayTags=((TagName=""Skill.Passive""),(TagName=""Skill.EmberWeapon.BloodDrinker"")))","(GameplayTags=)","(RowName=""BloodDrinker"")","0","Default","ProcChance|Rupture=.1","","","None","None","None","None","","","","","","","False","False","0","2","(RowName="""")","30.000000","None","None",""
BloodDrinker_BloodPools,"/Game/Skills/Blueprints/EmberWeapons/BloodDrinker/SkillTreePlaceholders/SkillTree_BloodDrinker_BloodPools.SkillTree_BloodDrinker_BloodPools_C","Character.Player","Default","None","1","0","15","False","(GameplayTags=((TagName=""Skill.Passive""),(TagName=""Skill.EmberWeapon.BloodDrinker"")))","(GameplayTags=)","(RowName=""BloodDrinker"")","0","Default","ProcChance|BloodPools=.15","","","None","None","None","None","","","","","","","False","False","0","3","(RowName="""")","30.000000","None","None",""
BloodDrinker_EnhancedActivation,"/Game/Skills/Blueprints/EmberWeapons/BloodDrinker/SkillTreePlaceholders/SkillTree_BloodDrinker_EnhancedActivation.SkillTree_BloodDrinker_EnhancedActivation_C","Character.Player","Default","None","1","0","30","False","(GameplayTags=((TagName=""Skill.Passive""),(TagName=""Skill.EmberWeapon.BloodDrinker""),(TagName=""Skill.EmberWeapon.UltimateActive"")))","(GameplayTags=)","(RowName=""BloodDrinker"")","0","Default","","","","None","None","None","None","","","","","","","False","False","0","4","(RowName="""")","30.000000","None","None",""
Coldheart_Activation,"/Game/Skills/Blueprints/EmberWeapons/Coldheart/Skill_Coldheart_Activate.Skill_Coldheart_Activate_C","Character.Player","Default","None","1","1","1","False","(GameplayTags=((TagName=""Skill.Passive""),(TagName=""Skill.EmberWeapon.UltimateActive""),(TagName=""Skill.EmberWeapon.ColdHeart"")))","(GameplayTags=)","(RowName=""ColdHeart"")","0","Default","","","","None","None","None","None","","","","","","","False","False","0","0","(RowName="""")","30.000000","None","None",""
Coldheart_Icewall,"/Game/Skills/Blueprints/EmberWeapons/Coldheart/Skill_Glacier.Skill_Glacier_C","Character.Player","Default","None","1","0","5","False","(GameplayTags=((TagName=""Skill.Active""),(TagName=""Skill.EmberWeapon.Active""),(TagName=""Skill.EmberWeapon.ColdHeart""),(TagName=""Skill.Cooldown"")))","(GameplayTags=)","(RowName=""ColdHeart"")","0","Default","","","","None","None","None","None","","","","","","","False","False","0","1","(RowName="""")","30.000000","Default","Skill00",""
Coldheart_HitOnFrozen,"/Game/Skills/Blueprints/EmberWeapons/Coldheart/SkillTreePlaceholders/SkillTree_Coldheart_FrozenOnHit.SkillTree_Coldheart_FrozenOnHit_C","Character.Player","Default","None","1","0","10","False","(GameplayTags=((TagName=""Skill.EmberWeapon.ColdHeart""),(TagName=""Skill.Passive"")))","(GameplayTags=)","(RowName=""ColdHeart"")","0","Default","ProcChance|FreezeWhenhit=.10;ElementalProcDuration|Proc.FreezeWhenHit=2","(NSLOCTEXT(""SkillsTable"", ""F720418C4488411A4EA4D7B577288BF9"", ""Chance to Freeze enemies who hit you.""))","","None","None","None","None","","","","","","","False","False","0","2","(RowName="""")","30.000000","None","None",""
Coldheart_IceGolem,"/Game/Skills/Blueprints/EmberWeapons/Coldheart/ProcSkill_Coldheart_IceGolem.ProcSkill_Coldheart_IceGolem_C","Character.Player","Default","None","1","0","15","False","(GameplayTags=((TagName=""Skill.EmberWeapon.ColdHeart""),(TagName=""Skill.Passive"")))","(GameplayTags=)","(RowName=""ColdHeart"")","0","Default","ProcChance|GolemOnKillChilled=.15","","","None","None","None","None","","","","","","","False","False","0","3","(RowName="""")","30.000000","None","None",""
Coldheart_EnhancedActivation,"/Game/Skills/Blueprints/EmberWeapons/Coldheart/SkillTreePlaceholders/SkillTree_Coldheart_EnhancedActivation.SkillTree_Coldheart_EnhancedActivation_C","Character.Player","Default","None","1","0","30","False","(GameplayTags=((TagName=""Skill.EmberWeapon.UltimateActive""),(TagName=""Skill.EmberWeapon.ColdHeart""),(TagName=""Skill.Passive"")))","(GameplayTags=)","(RowName=""ColdHeart"")","0","Default","","","","None","None","None","None","","","","","","","False","False","0","4","(RowName="""")","30.000000","None","None",""
Coldheart_ChancetoFreezeWhileActive,"/Game/Skills/Blueprints/EmberWeapons/Coldheart/SkillTreePlaceholders/SkillTree_ColdHeart_FreezeWhileActive.SkillTree_ColdHeart_FreezeWhileActive_C","Character.Player","Default","None","10","0","0","True","(GameplayTags=((TagName=""Skill.EmberWeapon.ColdHeart""),(TagName=""Skill.Passive""),(TagName=""Skill.EmberWeapon.Activated"")))","(GameplayTags=)","(RowName=""ColdHeart"")","1","StatusEffect","ElementalProcChance|Proc.Freeze=.025","(NSLOCTEXT(""SkillsTable"", ""1B6A619F45211E435FD137B4235BD3AE"", ""Increased chance to Freeze enemies you hit while Coldheart is Activated""))","","PerLevelByOnesStartWithOne","None","None","None","","","","","","","False","False","1","0","(RowName="""")","30.000000","None","None",""
Coldheart_CritHitFrozen,"/Game/Skills/Blueprints/EmberWeapons/Coldheart/SkillTreePlaceholders/SkillTree_ColdHeart_CritvsFreeze.SkillTree_ColdHeart_CritvsFreeze_C","Character.Player","Default","None","10","0","0","True","(GameplayTags=((TagName=""Skill.EmberWeapon.ColdHeart""),(TagName=""Skill.Passive""),(TagName=""Skill.EmberWeapon.Activated"")))","(GameplayTags=)","(RowName=""ColdHeart"")","1","StatusEffect","CriticalDamageBonus=.05","(NSLOCTEXT(""SkillsTable"", ""A63BF97A4017E4ED547F258B417EBC4F"", ""Critical damage while Activated (100% chance to critically hit Frozen enemies)""))","","PerLevelByOnesStartWithOne","None","None","None","","","","","","","False","False","2","0","(RowName="""")","30.000000","None","None",""
Coldheart_IcewallDamage,"/Game/Skills/Blueprints/EmberWeapons/Coldheart/SkillTreePlaceholders/SkillTree_Coldheart_IceWallDamage.SkillTree_Coldheart_IceWallDamage_C","Character.Player","Default","None","10","0","0","True","(GameplayTags=((TagName=""Skill.EmberWeapon.ColdHeart""),(TagName=""Skill.Passive"")))","(GameplayTags=)","(RowName=""ColdHeart"")","5","Default","SkillDamageFactorMultiplier|Coldheart_Icewall=0.05","(NSLOCTEXT(""SkillsTable"", ""5B1079FB48547DA2F9CFC5AE71CF22E3"", ""Increased damage for Glacier""))","","PerLevelByOnesStartWithOne","None","None","None","","","","","","","False","False","1","1","(RowName="""")","30.000000","None","None",""
Coldheart_IcewallCooldown,"/Game/Skills/Blueprints/EmberWeapons/Coldheart/SkillTreePlaceholders/SkillTree_Coldheart_IcewallCooldownReduction.SkillTree_Coldheart_IcewallCooldownReduction_C","Character.Player","Default","None","10","0","0","True","(GameplayTags=((TagName=""Skill.EmberWeapon.ColdHeart""),(TagName=""Skill.Passive"")))","(GameplayTags=)","(RowName=""ColdHeart"")","5","Default","CooldownPctBySkillName|Coldheart_Icewall=-.05","(NSLOCTEXT(""SkillsTable"", ""30745DAE4C8866BAFF31008ACBCB192F"", ""Glacier cooldown""))","","PerLevelByOnesStartWithOne","None","None","None","","","","","","","False","False","2","1","(RowName="""")","30.000000","None","None",""
Coldheart_FrozenDurationOnHit,"/Game/Skills/Blueprints/EmberWeapons/Coldheart/SkillTreePlaceholders/SkillTree_Coldheart_FrozenOnHitDuration.SkillTree_Coldheart_FrozenOnHitDuration_C","Character.Player","Default","None","10","0","0","True","(GameplayTags=((TagName=""Skill.EmberWeapon.ColdHeart""),(TagName=""Skill.Passive"")))","(GameplayTags=)","(RowName=""ColdHeart"")","10","Default","ElementalProcDuration|Proc.FreezeWhenHit=.1","(NSLOCTEXT(""SkillsTable"", ""F21E1EC0401DB6C180A3798D3EB48A5B"", ""Increased duration for enemies who are Frozen after hitting you""))","","PerLevelByOnesStartWithOne","None","None","None","","","","","","","False","False","1","2","(RowName="""")","30.000000","None","None",""
Coldheart_FrozenChanceOnHit,"/Game/Skills/Blueprints/EmberWeapons/Coldheart/SkillTreePlaceholders/SkillTree_Coldheart_FrozenOnHitChance.SkillTree_Coldheart_FrozenOnHitChance_C","Character.Player","Default","None","10","0","0","True","(GameplayTags=((TagName=""Skill.EmberWeapon.ColdHeart""),(TagName=""Skill.Passive"")))","(GameplayTags=)","(RowName=""ColdHeart"")","10","Default","ProcChance|FreezeWhenhit=.01","(NSLOCTEXT(""SkillsTable"", ""D87ED72744C6786839844E99E33B50C8"", ""Increased chance to Freeze enemies who hit you""))","","PerLevelByOnesStartWithOne","None","None","None","","","","","","","False","False","2","2","(RowName="""")","30.000000","None","None",""
Coldheart_GolemChance,"/Game/Skills/Blueprints/EmberWeapons/Coldheart/SkillTreePlaceholders/SkillTree_Coldheart_IceGolemChance.SkillTree_Coldheart_IceGolemChance_C","Character.Player","Default","None","10","0","0","True","(GameplayTags=((TagName=""Skill.EmberWeapon.ColdHeart""),(TagName=""Skill.Passive"")))","(GameplayTags=)","(RowName=""ColdHeart"")","15","Default","ProcChance|GolemOnKillChilled=.01","(NSLOCTEXT(""SkillsTable"", ""70E4DCC44C3F479DFB7AA0AEF76AAA30"", ""Increased chance to summon an Ice Golem when you kill a Chilled enemy""))","","PerLevelByOnesStartWithOne","None","None","None","","","","","","","False","False","2","3","(RowName="""")","30.000000","None","None",""
Coldheart_GolemLifespan,"/Game/Skills/Blueprints/EmberWeapons/Coldheart/SkillTreePlaceholders/SkillTree_Coldheart_IceGolemDamage.SkillTree_Coldheart_IceGolemDamage_C","Character.Player","Default","None","10","0","0","True","(GameplayTags=((TagName=""Skill.EmberWeapon.ColdHeart""),(TagName=""Skill.Passive"")))","(GameplayTags=)","(RowName=""ColdHeart"")","15","Default","MinionLifespanBonus|Character.Minion.IceGolem=1","(NSLOCTEXT(""SkillsTable"", ""3F37C150460DA47A76BA669BD2814748"", ""Ice Golem lifespan""))","","PerLevelByOnesStartWithOne","None","None","None","","","","","","","False","False","1","3","(RowName="""")","30.000000","None","None",""
Electrode_Activation,"/Game/Skills/Blueprints/EmberWeapons/Electrode/Skill_Electrode_Activate.Skill_Electrode_Activate_C","Character.Player","Default","None","1","1","1","False","(GameplayTags=((TagName=""Skill.Passive""),(TagName=""Skill.EmberWeapon.UltimateActive""),(TagName=""Skill.EmberWeapon.Electrode"")))","(GameplayTags=)","(RowName=""Electrode"")","0","Default","","","","None","None","None","None","","","","","","","False","False","0","0","(RowName="""")","30.000000","None","None",""
Electrode_Conduit,"/Game/Skills/Blueprints/EmberWeapons/Electrode/Skill_Conduit_LocalizedStorm.Skill_Conduit_LocalizedStorm_C","Character.Player","Default","None","1","0","5","False","(GameplayTags=((TagName=""Skill.Active""),(TagName=""Skill.EmberWeapon.Active""),(TagName=""Skill.EmberWeapon.Electrode""),(TagName=""Skill.Cooldown"")))","(GameplayTags=)","(RowName=""Electrode"")","0","Default","","","","None","None","None","None","","","","","","","False","False","0","1","(RowName="""")","30.000000","Default","Skill00",""
Electrode_LightningStrike,"/Game/Skills/Blueprints/EmberWeapons/Electrode/SkillTreePlaceholders/SkillTree_Electrode_LightningStrike.SkillTree_Electrode_LightningStrike_C","Character.Player","Default","None","1","0","10","False","(GameplayTags=((TagName=""Skill.EmberWeapon.Electrode""),(TagName=""Skill.Passive"")))","(GameplayTags=)","(RowName=""Electrode"")","0","Default","ProcChance|LightningStrike=.1","(NSLOCTEXT(""SkillsTable"", ""7D5E668A4AC203FD3341F6946095DCE5"", ""Chance to call down lightning when you hit a Shocked enemy""))","","None","None","None","None","","","","","","","False","False","0","2","(RowName="""")","30.000000","None","None",""
Electrode_BoltsOnKill,"/Game/Skills/Blueprints/EmberWeapons/Electrode/SkillTreePlaceholders/SkillTreeActual_Electrode_ShockBoltsOnKilled1.SkillTreeActual_Electrode_ShockBoltsOnKilled1_C","Character.Player","Default","None","1","0","15","False","(GameplayTags=((TagName=""Skill.EmberWeapon.Electrode""),(TagName=""Skill.Passive"")))","(GameplayTags=)","(RowName=""Electrode"")","0","Default","ProcChance|ShockBoltsOnKill=.4","(NSLOCTEXT(""SkillsTable"", ""1885B314468229526F6B62AC985B763F"", ""Chance to fire bolts of energy on kill""))","","None","None","None","None","","","","","","","False","False","0","3","(RowName="""")","30.000000","None","None",""
Electrode_EnhancedActivation,"/Game/Skills/Blueprints/EmberWeapons/Electrode/SkillTreePlaceholders/SkillTree_Electrode_EnhancedActivation.SkillTree_Electrode_EnhancedActivation_C","Character.Player","Default","None","1","0","30","False","(GameplayTags=((TagName=""Skill.EmberWeapon.UltimateActive""),(TagName=""Skill.EmberWeapon.Electrode""),(TagName=""Skill.Passive"")))","(GameplayTags=)","(RowName=""Electrode"")","0","Default","","","","None","None","None","None","","","","","","","False","False","0","4","(RowName="""")","30.000000","None","None",""
Electrode_ChancetoShockWhileActive,"/Game/Skills/Blueprints/EmberWeapons/Electrode/SkillTreePlaceholders/SkillTree_Electrode_ChancetoShockActive.SkillTree_Electrode_ChancetoShockActive_C","Character.Player","Default","None","10","0","0","True","(GameplayTags=((TagName=""Skill.EmberWeapon.Electrode""),(TagName=""Skill.Passive""),(TagName=""Skill.EmberWeapon.Activated"")))","(GameplayTags=)","(RowName=""Electrode"")","1","StatusEffect","ElementalProcChance|Proc.Shock=.025","(NSLOCTEXT(""SkillsTable"", ""D211F7534C360B3FA30FE38BA3A9BEA3"", ""Increased chance to Shock while Electrode is Activated""))","","PerLevelByOnesStartWithOne","None","None","None","","","","","","","False","False","1","0","(RowName="""")","30.000000","None","None",""
Electrode_CriticalChanceWhileActive,"/Game/Skills/Blueprints/EmberWeapons/Electrode/SkillTreePlaceholders/SkillTree_Electrode_CritChanceWhileActive.SkillTree_Electrode_CritChanceWhileActive_C","Character.Player","Default","None","10","0","0","True","(GameplayTags=((TagName=""Skill.EmberWeapon.Electrode""),(TagName=""Skill.Passive""),(TagName=""Skill.EmberWeapon.Activated"")))","(GameplayTags=)","(RowName=""Electrode"")","1","StatusEffect","CriticalHitChance=.05","(NSLOCTEXT(""SkillsTable"", ""53B4F3924BC91191971D28BC32D68F66"", ""Critically Hit chance while Electrode is Activated""))","","PerLevelByOnesStartWithOne","None","None","None","","","","","","","False","False","2","0","(RowName="""")","30.000000","None","None",""
Electrode_ActiveSkillDamage,"/Game/Skills/Blueprints/EmberWeapons/Electrode/SkillTreePlaceholders/SkillTree_Electrode_ActiveSkillDamage.SkillTree_Electrode_ActiveSkillDamage_C","Character.Player","Default","None","10","0","0","True","(GameplayTags=((TagName=""Skill.EmberWeapon.Electrode""),(TagName=""Skill.Passive"")))","(GameplayTags=)","(RowName=""Electrode"")","5","Default","SkillDamageFactorMultiplier|Electrode_Conduit=.05","(NSLOCTEXT(""SkillsTable"", ""7B10AC84473B3455DF9AD0AEF65EEEB9"", ""Localized Storm damage""))","","PerLevelByOnesStartWithOne","None","None","None","","","","","","","False","False","1","1","(RowName="""")","30.000000","None","None",""
Electrode_ActiveSkillCooldown,"/Game/Skills/Blueprints/EmberWeapons/Electrode/SkillTreePlaceholders/SkillTree_Electrode_ActiveSkillArea.SkillTree_Electrode_ActiveSkillArea_C","Character.Player","Default","None","10","0","0","True","(GameplayTags=((TagName=""Skill.EmberWeapon.Electrode""),(TagName=""Skill.Passive"")))","(GameplayTags=)","(RowName=""Electrode"")","5","Default","CooldownSecondsBySkillName|Electrode_Conduit=-.5","(NSLOCTEXT(""SkillsTable"", ""285FBF5D4204C87A6D812899EC984872"", ""Localized Storm cooldown""))","","PerLevelByOnesStartWithOne","None","None","None","","","","","","","False","False","2","1","(RowName="""")","30.000000","None","None",""
Electrode_LightningStrikeChance,"/Game/Skills/Blueprints/EmberWeapons/Electrode/SkillTreePlaceholders/SkillTree_Electrode_LightningStrikeChance.SkillTree_Electrode_LightningStrikeChance_C","Character.Player","Default","None","10","0","0","True","(GameplayTags=((TagName=""Skill.EmberWeapon.Electrode""),(TagName=""Skill.Passive"")))","(GameplayTags=)","(RowName=""Electrode"")","10","Default","ProcChance|LightningStrike=.025","(NSLOCTEXT(""SkillsTable"", ""785E7528401611199891BF8728FB7E32"", ""Increased chance for Lightning Strike""))","","PerLevelByOnesStartWithOne","None","None","None","","","","","","","False","False","1","2","(RowName="""")","30.000000","None","None",""
Electrode_LightningStrikeStun,"/Game/Skills/Blueprints/EmberWeapons/Electrode/SkillTreePlaceholders/SkillTree_Electrode_LightningStrikeStun.SkillTree_Electrode_LightningStrikeStun_C","Character.Player","Default","None","10","0","0","True","(GameplayTags=((TagName=""Skill.EmberWeapon.Electrode""),(TagName=""Skill.Passive"")))","(GameplayTags=)","(RowName=""Electrode"")","10","Default","RandomBonusPctBySkillName|Electrode_LightningStrikeStun=.1","(NSLOCTEXT(""SkillsTable"", ""0EB5C3274BD6CDF0A6CFCCA1BA481FE5"", ""Additional Stun duration for Lightning Strike""))","","PerLevelByOnes","None","None","None","","","","","","","False","False","2","2","(RowName="""")","30.000000","None","None",""
Electrode_BoltsChance,"/Game/Skills/Blueprints/EmberWeapons/Electrode/SkillTreePlaceholders/SkillTree_Electrode_ChancetoUnleashBoltsOnKill.SkillTree_Electrode_ChancetoUnleashBoltsOnKill_C","Character.Player","Default","None","10","0","0","True","(GameplayTags=((TagName=""Skill.EmberWeapon.Electrode""),(TagName=""Skill.Passive"")))","(GameplayTags=)","(RowName=""Electrode"")","15","Default","ProcChance|ShockBoltsOnKill=.025","(NSLOCTEXT(""SkillsTable"", ""3D521AB9458A291D52714F99BF23333F"", ""Increased chance to fire shock bolts when you kill a Shocked enemy""))","","PerLevelByOnesStartWithOne","None","None","None","","","","","","","False","False","2","3","(RowName="""")","30.000000","None","None",""
Electrode_BoltDamage,"/Game/Skills/Blueprints/EmberWeapons/Electrode/SkillTreePlaceholders/SkillTree_Electrode_BoltsPerRankOnKill.SkillTree_Electrode_BoltsPerRankOnKill_C","Character.Player","Default","None","10","0","0","True","(GameplayTags=((TagName=""Skill.EmberWeapon.Electrode""),(TagName=""Skill.Passive"")))","(GameplayTags=)","(RowName=""Electrode"")","15","Default","SkillDamageFactorMultiplier|Electrode_BoltsOnKill=.05","(NSLOCTEXT(""SkillsTable"", ""7336D12D4D3A13E8B76FD195BEA51F37"", ""Shock bolts on kill damage""))","","PerLevelByOnesStartWithOne","None","None","None","","","","","","","False","False","1","3","(RowName="""")","30.000000","None","None",""
Skill_MeleeAttack_Goblin,"/Game/Skills/Blueprints/Sharpshooter/Skill_MeleeAttack_Goblin.Skill_MeleeAttack_Goblin_C","","Default","None","1","1","0","True","(GameplayTags=)","(GameplayTags=)","(RowName="""")","0","Default","","","","None","None","None","None","","","","","","","False","False","0","0","(RowName="""")","30.000000","None","None","This is for sharpshooter minion. Added to table so we can affect it with a per level bonus."
Amulet_Activation,"/Game/Skills/Blueprints/EmberWeapons/ChampionsAmulet/Skill_PainandGain_VictoryPerformance.Skill_PainandGain_VictoryPerformance_C","Character.Player","Default","None","1","1","1","False","(GameplayTags=((TagName=""Skill.EmberWeapon.ChampionsAmulet""),(TagName=""Skill.Passive""),(TagName=""Skill.EmberWeapon.UltimateActive"")))","(GameplayTags=)","(RowName=""ChampionsAmulet"")","0","Default","","","","None","None","None","None","","","","","","","False","False","0","0","(RowName="""")","30.000000","None","None",""
Amulet_ActiveSkill,"/Game/Skills/Blueprints/EmberWeapons/ChampionsAmulet/Skill_PainandGain_ShieldBash.Skill_PainandGain_ShieldBash_C","Character.Player","Default","None","1","0","5","False","(GameplayTags=((TagName=""Skill.Active""),(TagName=""Skill.EmberWeapon.Active""),(TagName=""Skill.EmberWeapon.ChampionsAmulet""),(TagName=""Skill.Cooldown"")))","(GameplayTags=)","(RowName=""ChampionsAmulet"")","0","Default","","","","None","None","None","None","","","","","","","False","False","1","0","(RowName="""")","30.000000","Default","Skill00",""
Amulet_Innervate,"/Game/Skills/Blueprints/EmberWeapons/ChampionsAmulet/SkillTreePlaceholders/SkillTree_ChampsionsAmulet_Innervate.SkillTree_ChampsionsAmulet_Innervate_C","Character.Player","Default","None","1","0","10","False","(GameplayTags=((TagName=""Skill.EmberWeapon.ChampionsAmulet""),(TagName=""Skill.Passive"")))","(GameplayTags=)","(RowName=""ChampionsAmulet"")","0","Default","","","","ProcChance|SpeedOnBlock=1","None","None","None","","","","","","","False","False","2","0","(RowName="""")","30.000000","None","None",""
Amulet_AdaptiveArmor,"/Game/Skills/Blueprints/EmberWeapons/ChampionsAmulet/SkillTreePlaceholders/SkillTree_ChampionsAmulet_AdaptiveArmor.SkillTree_ChampionsAmulet_AdaptiveArmor_C","Character.Player","Default","None","1","0","15","False","(GameplayTags=((TagName=""Skill.EmberWeapon.ChampionsAmulet""),(TagName=""Skill.Passive"")))","(GameplayTags=)","(RowName=""ChampionsAmulet"")","0","Default","","","","None","None","None","None","","","","","","","False","False","3","0","(RowName="""")","30.000000","None","None",""
Amulet_EnhancedActivation,"/Game/Skills/Blueprints/EmberWeapons/ChampionsAmulet/SkillTreePlaceholders/SkillTree_ChampionsAmulet_EnhancedActivation.SkillTree_ChampionsAmulet_EnhancedActivation_C","Character.Player","Default","None","1","0","30","False","(GameplayTags=((TagName=""Skill.EmberWeapon.ChampionsAmulet""),(TagName=""Skill.Passive""),(TagName=""Skill.EmberWeapon.UltimateActive"")))","(GameplayTags=)","(RowName=""ChampionsAmulet"")","0","Default","","","","None","None","None","None","","","","","","","False","False","4","0","(RowName="""")","30.000000","None","None",""
Amulet_BlockChanceOnActivate,"/Game/Skills/Blueprints/EmberWeapons/ChampionsAmulet/SkillTreePlaceholders/SkillTree_ChampionsAmulet_BlockChanceWhenActive.SkillTree_ChampionsAmulet_BlockChanceWhenActive_C","Character.Player","Default","None","10","0","0","True","(GameplayTags=((TagName=""Skill.EmberWeapon.ChampionsAmulet""),(TagName=""Skill.Passive""),(TagName=""Skill.EmberWeapon.Activated"")))","(GameplayTags=)","(RowName=""ChampionsAmulet"")","0","StatusEffect","BlockChance=.025","(NSLOCTEXT(""SkillsTable"", ""CB6761CB40797C17A9CAB7AB575663AC"", ""Increased Block chance on Activation""))","","PerLevelByOnesStartWithOne","None","None","None","","","","","","","False","False","0","1","(RowName="""")","30.000000","None","None",""
Amulet_ThornsWhenActive,"/Game/Skills/Blueprints/EmberWeapons/ChampionsAmulet/SkillTreePlaceholders/SkillTree_ChampionsAmulet_ThornDamageWhileActive.SkillTree_ChampionsAmulet_ThornDamageWhileActive_C","Character.Player","Default","None","10","0","0","True","(GameplayTags=((TagName=""Skill.EmberWeapon.ChampionsAmulet""),(TagName=""Skill.Passive""),(TagName=""Skill.EmberWeapon.Activated"")))","(GameplayTags=)","(RowName=""ChampionsAmulet"")","0","StatusEffect","SkillDamageFactorMultiplier|Amulet_ThornsWhenActive=.1;ProcChance|Thorns=1","(NSLOCTEXT(""SkillsTable"", ""99ED7E9B40DCFCCE40F6F8B30804B960"", ""Riposte damage""))","","PerLevelByOnesStartWithOne","None","None","None","","","","","","","False","False","0","2","(RowName="""")","30.000000","None","None",""
Amulet_ActiveSkillDamage,"/Game/Skills/Blueprints/EmberWeapons/ChampionsAmulet/SkillTreePlaceholders/SkillTree_ChampionsAmulet_ShieldBashDamage.SkillTree_ChampionsAmulet_ShieldBashDamage_C","Character.Player","Default","None","10","0","0","True","(GameplayTags=((TagName=""Skill.EmberWeapon.ChampionsAmulet""),(TagName=""Skill.Passive"")))","(GameplayTags=)","(RowName=""ChampionsAmulet"")","0","Default","SkillDamageFactorMultiplier|Amulet_ActiveSkill=.05","","","None","None","None","None","","","","","","","False","False","1","1","(RowName="""")","30.000000","None","None",""
Amulet_HealthRegenAmount,"/Game/Skills/Blueprints/EmberWeapons/ChampionsAmulet/SkillTreePlaceholders/SkillTree_ChampionsAmulet_ShieldBashRegen.SkillTree_ChampionsAmulet_ShieldBashRegen_C","Character.Player","Default","None","10","0","0","True","(GameplayTags=((TagName=""Skill.Passive""),(TagName=""Skill.EmberWeapon.ChampionsAmulet"")))","(GameplayTags=)","(RowName=""ChampionsAmulet"")","0","Default","BonusChancePctBySkillName|Amulet_ActiveSkill=.01","(NSLOCTEXT(""SkillsTable"", ""7341F6BD425FFDBFF8A431A55E1293BB"", ""Increased regeneration when you use Shield Bash""))","","PerLevelByOnesStartWithOne","None","None","None","","","","","","","False","False","1","2","(RowName="""")","30.000000","None","None",""
Amulet_InnervateBasicDamage,"/Game/Skills/Blueprints/EmberWeapons/ChampionsAmulet/SkillTreePlaceholders/SkillTree_ChampionsAmulet_InnervateBasicDamage.SkillTree_ChampionsAmulet_InnervateBasicDamage_C","Character.Player","Default","None","10","0","0","True","(GameplayTags=((TagName=""Skill.EmberWeapon.ChampionsAmulet""),(TagName=""Skill.Passive"")))","(GameplayTags=)","(RowName=""ChampionsAmulet"")","0","Default","BonusChancePctBySkillName|Amulet_Innervate=.05","(NSLOCTEXT(""SkillsTable"", ""087597C5476721FE1776A59EF8044899"", ""Bonus damage to basic attacks while Innervated""))","","PerLevelByOnesStartWithOne","None","None","None","","","","","","","False","False","2","1","(RowName="""")","30.000000","None","None",""
Amulet_InnervateBasicCritChance,"/Game/Skills/Blueprints/EmberWeapons/ChampionsAmulet/SkillTreePlaceholders/SkillTree_ChampionsAmulet_InnervateBasicCritChance.SkillTree_ChampionsAmulet_InnervateBasicCritChance_C","Character.Player","Default","None","10","0","0","True","(GameplayTags=((TagName=""Skill.EmberWeapon.ChampionsAmulet""),(TagName=""Skill.Passive"")))","(GameplayTags=)","(RowName=""ChampionsAmulet"")","0","Default","BonusChancePctBySkillName|Amulet_InnervateBasicCritChance=.1","(NSLOCTEXT(""SkillsTable"", ""B4CF2C114B86393DFA000E9A9C2D6C74"", ""Increased chance to Critically Strike with basic attacks while Innervated""))","","PerLevelByOnesStartWithOne","None","None","None","","","","","","","False","False","2","2","(RowName="""")","30.000000","None","None",""
Amulet_AdapativeArmorBonus,"/Game/Skills/Blueprints/EmberWeapons/ChampionsAmulet/SkillTreePlaceholders/SkillTree_ChampionsAmulet_AdaptiveArmorBonus.SkillTree_ChampionsAmulet_AdaptiveArmorBonus_C","Character.Player","Default","None","10","0","0","True","(GameplayTags=((TagName=""Skill.EmberWeapon.ChampionsAmulet""),(TagName=""Skill.Passive"")))","(GameplayTags=)","(RowName=""ChampionsAmulet"")","0","Default","","","","None","None","None","None","","","","","","","False","False","3","1","(RowName="""")","30.000000","None","None",""
Amulet_AdaptiveArmorDuration,"/Game/Skills/Blueprints/EmberWeapons/ChampionsAmulet/SkillTreePlaceholders/SkillTree_ChampionsAmulet_AdaptiveArmorDuration.SkillTree_ChampionsAmulet_AdaptiveArmorDuration_C","Character.Player","Default","None","10","0","0","True","(GameplayTags=((TagName=""Skill.EmberWeapon.ChampionsAmulet""),(TagName=""Skill.Passive"")))","(GameplayTags=)","(RowName=""ChampionsAmulet"")","0","Default","","","","None","None","None","None","","","","","","","False","False","3","2","(RowName="""")","30.000000","None","None",""
ChampionsAmuletThorns,"/Game/Skills/Blueprints/EmberWeapons/ProcSkill_Thorns.ProcSkill_Thorns_C","Character.Player","Default","None","1","0","0","True","(GameplayTags=((TagName=""Skill.EmberWeapon.ChampionsAmulet"")))","(GameplayTags=)","(RowName="""")","0","Default","","","","None","None","None","None","","","","","","","False","False","0","0","(RowName="""")","30.000000","None","None","has to be in table so we can scale the damage via per level bonuses"
Pet_SummonSkeleton,"/Game/Skills/Blueprints/Pets/AurasandBuffs/Skill_SummonSkeleton.Skill_SummonSkeleton_C","Character","Instant","None","1","0","0","False","(GameplayTags=((TagName=""Skill.Pet"")))","(GameplayTags=)","(RowName="""")","0","Default","","","","None","None","None","None","","","","","","","False","False","1","2","(RowName="""")","30.000000","Pet","Skill00",""
Pet_Immobilize,"/Game/Skills/Blueprints/Pets/AurasandBuffs/Skill_PetImmobilize.Skill_PetImmobilize_C","Character","Default","None","1","0","0","False","(GameplayTags=((TagName=""Skill.Pet"")))","(GameplayTags=)","(RowName="""")","0","Default","","","","None","None","None","None","","","","","","","False","False","2","2","(RowName="""")","30.000000","Pet","Skill00",""
Pet_PasstheGas,"/Game/Skills/Blueprints/Pets/DamageSkills/Skill_PasstheGas.Skill_PasstheGas_C","Character","Default","None","1","0","0","False","(GameplayTags=((TagName=""Skill.Pet"")))","(GameplayTags=)","(RowName="""")","0","Default","","","","None","None","None","None","","","","","","","False","False","2","3","(RowName="""")","30.000000","Pet","Skill00",""
Pet_LifeSteal,"/Game/Skills/Blueprints/Pets/AurasandBuffs/Skill_PetLifeSteal.Skill_PetLifeSteal_C","Character","Default","None","1","0","0","False","(GameplayTags=((TagName=""Skill.Pet"")))","(GameplayTags=)","(RowName="""")","0","Default","","","","None","None","None","None","","","","","","","False","False","1","1","(RowName="""")","30.000000","Pet","Skill00",""
DM_RadiantBlastMissile,"/Game/Skills/Blueprints/DuskMage/Skill_RadiantBlast_Proc.Skill_RadiantBlast_Proc_C","Character.Player.DuskMage","Default","None","1","0","0","True","(GameplayTags=)","(GameplayTags=)","(RowName="""")","0","Default","","","","None","None","None","None","","","","","","","False","False","0","0","(RowName="""")","30.000000","None","None",""
Potion_Electric,"/Game/Skills/Blueprints/Skill_PolarizedPotion.Skill_PolarizedPotion_C","Character.Player","Default","None","1","1","0","False","(GameplayTags=((TagName=""Skill.Potion"")))","(GameplayTags=)","(RowName="""")","0","Default","","","","None","None","None","None","","","","","","","False","False","0","0","(RowName="""")","30.000000","Default","Potion",""
RM_MortarPassive,"/Game/Skills/Blueprints/Railman/Skill_Railmaster_TurretMortar.Skill_Railmaster_TurretMortar_C","Character.Player.Railman","Default","None","1","1","0","True","(GameplayTags=)","(GameplayTags=)","(RowName="""")","0","Default","","","","None","None","None","None","","","","","","","False","False","0","0","(RowName="""")","30.000000","None","None",""
RM_TurretPassive,"/Game/Skills/Blueprints/Railman/Skill_Turret_Shoot.Skill_Turret_Shoot_C","Character.Player.Railman","Default","None","1","1","0","True","(GameplayTags=)","(GameplayTags=)","(RowName="""")","0","Default","","","","None","None","None","None","","","","","","","False","False","0","0","(RowName="""")","30.000000","None","None",""
RM_ShotgunPassive,"/Game/Skills/Blueprints/Railman/Skill_Railmaster_TurretShotgonne.Skill_Railmaster_TurretShotgonne_C","Character.Player.Railman","Default","None","1","1","0","True","(GameplayTags=)","(GameplayTags=)","(RowName="""")","0","Default","","","","None","None","None","None","","","","","","","False","False","0","0","(RowName="""")","30.000000","None","None",""
RM_FlamethrowerPassive,"/Game/Skills/Blueprints/Railman/Skill_Railmaster_TurretFlamethrower.Skill_Railmaster_TurretFlamethrower_C","Character.Player.Railman","Default","None","1","1","0","True","(GameplayTags=)","(GameplayTags=)","(RowName="""")","0","Default","","","","None","None","None","None","","","","","","","False","False","0","0","(RowName="""")","30.000000","None","None",""
RM_FlamethrowerActive,"/Game/Skills/Blueprints/Railman/Skill_Railmaster_FlameBlast.Skill_Railmaster_FlameBlast_C","Character.Player.Railman","Default","None","1","1","0","True","(GameplayTags=)","(GameplayTags=)","(RowName="""")","0","Default","","","","None","None","None","None","","","","","","","False","False","0","0","(RowName="""")","30.000000","None","None",""
RM_ShotgonneActive,"/Game/Skills/Blueprints/Railman/Skill_Railmaster_Slug.Skill_Railmaster_Slug_C","","Default","None","1","1","0","True","(GameplayTags=)","(GameplayTags=)","(RowName="""")","0","Default","","","","None","None","None","None","","","","","","","False","False","0","0","(RowName="""")","30.000000","None","None",""
Skill_MeleeAttack_SharpshooterMinion,"/Game/Skills/Blueprints/Monsters/Skill_MeleeAttack_SharpshooterMinion.Skill_MeleeAttack_SharpshooterMinion_C","Character.Player.Sharpshooter","Default","None","1","1","0","True","(GameplayTags=)","(GameplayTags=)","(RowName="""")","0","Default","","","","None","None","None","None","","","","","","","False","False","0","0","(RowName="""")","30.000000","None","None",""
SS_ShastaBasic,"/Game/Skills/Blueprints/Monsters/Skill_MeleeAttack_Shasta.Skill_MeleeAttack_Shasta_C","Character.Player.Sharpshooter","Default","None","1","1","0","True","(GameplayTags=)","(GameplayTags=)","(RowName="""")","0","Default","","","","None","None","None","None","","","","","","","False","False","0","0","(RowName="""")","30.000000","None","None",""
