---,AreaName,AreaName_MapWorks,NameSpawn_MapWorks,AreaGroup,AreaGroupType,AreaClass,AreaSize,PrevAreaRow0,NextAreaRow1,NextAreaRow2,NextAreaRow3,NextAreaRow4,NextAreaRow5,NextAreaRow6,QuestObjectFilterNextArea1,AltNextAreaRow1,QuestObjectFilterNextArea2,AltNextAreaRow2,QuestObjectFilterNextArea3,AltNextAreaRow3,QuestObjectFilterNextArea4,AltNextAreaRow4,QuestObjectFilterNextArea5,AltNextAreaRow5,QuestObjectFilterNextArea6,AltNextAreaRow6,RequiredQuestTask,bRequireCompletingAreaQuestToProceed,FortCount,bShowClockUI,bIsOutdoors,bIsBossArea,bShowOnFrontierMap,bMonstersCanTargetNPC,MonsterLevel,MonsterLevelDelta,MonstersRespawn,MonstersDisabledByDistance,bGadgetsReset,bIsWarpBackArea,bShutdownQuicklyWithNoPlayers,bShutdownQuicklyAfterBeingCleared,BossMonsters,bTriggerSpawnersHelpDrama,bTriggerSpawnersCheckDrama,MonsterAffixes,DefaultTrap,TrapDefaultMonsterSpawnRow,TrapDefaultMonsterSpawner,GadgetItemLevel,GadgetItemLevelDelta,ItemLevelBonus,HazardDamageMultiplier,ItemSpokeMaxDelta,CameraDistance,PrimaryElement,SpokeTag,MapworksMonsterAffixTags,MonsterManagerDaytimeTags,MonsterManagerNighttimeTags,MonsterLuck,ThemedPropTags,QuestPoolTags,LootLuck,CritterDensity,Critter1,Critter2,Critter3,AreaSkill1,AreaSkill2,AreaSkill3,CameraYawRandomRange,bCanSendPetToTown,bReviveInTown,bCanReviveInPlace,bCanReviveInTown,bCanReviveInPreviousArea,bLifeBoundItemsOnly,DisallowedSkillTags,LoadingScreenBackgroundOverride,LoadingScreenForegroundOverride,LoadingScreenTextOverride,LoadingScreenTags,ItemQualityLevelBoost,MapworksTags,SelectionWeight,QuestTags,ItemTags,ItemExcludeTags,AffixTags,MonsterTags,RegionTag,MonsterSpawnerActiveChance,MonsterSpawnerNightActiveChance,bPvPEnabled,Notes
ImperialOutpost_Intro,"NSLOCTEXT(""AreaTable"", ""1F6B83F74C5661199AB60A9CE93A87DC"", ""Occupied Trevail Point"")","NSLOCTEXT(""AreaTable"", ""7805C9FE436F992E0088F6ABE75AB1FB"", ""The Occupied"")","None","ImperialOutpost_Intro","Progressive","/Game/Environments/Levels/ImperialOutpost/rules/Area_ImperialOutpost_Intro.Area_ImperialOutpost_Intro_C","1.000000","(RowName=""ImperialOutpost"")","(RowName=""GoblinForest1"")","(RowName="""")","(RowName="""")","(RowName="""")","(RowName="""")","(RowName="""")","(RowName="""")","(RowName="""")","(RowName="""")","(RowName="""")","(RowName="""")","(RowName="""")","(RowName="""")","(RowName="""")","(RowName="""")","(RowName="""")","(RowName="""")","(RowName="""")","None","False","0","True","True","False","False","False","1.000000","0.000000","False","True","False","False","True","False","((RowName=""GoblinStabby_Story_Boss""))","False","False","","(RowName=""Traps_Goblin"")","(RowName="""")","None","1.000000","0.000000","0.000000","1.000000","1.000000","3000.000000","(TagName=""Element.Fire"")","(TagName=""Region.GoblinIsle.GoblinForest"")","(GameplayTags=)","(GameplayTags=)","(GameplayTags=)","(Map=())","(GameplayTags=((TagName=""Character.NPC.QuestGiver.Kenik""),(TagName=""Character.NPC.QuestGiver.GeneralGraye""),(TagName=""Character.NPC.Intro"")))","(GameplayTags=)","(Map=())","1.000000","None","None","None","(RowName=""Skill_Potion"")","(RowName="""")","(RowName="""")","(X=-20.000000,Y=20.000000)","False","False","True","False","False","False","(GameplayTags=((TagName=""Skill.Portal"")))","(RowName="""")","(RowName="""")","(RowName="""")","(GameplayTags=)","0","(GameplayTags=)","0","(GameplayTags=)","((GameplayTags=((TagName=""Region.GoblinIsle.GoblinForest""))))","(GameplayTags=)","((GameplayTags=((TagName=""Element.Fire""),(TagName=""Affix.Effect.Fire""))),(GameplayTags=((TagName=""Affix.Defense.Fire""))))","((GameplayTags=((TagName=""Character.Monster.IntroGoblin""))))","(GameplayTags=((TagName=""Region.GoblinIsle.GoblinForest"")))","1.000000","1.000000","False",""
ImperialOutpost,"NSLOCTEXT(""AreaTable"", ""D7FC820D4329DF9ECB45C28CB6CEA924"", ""Trevail Point"")","NSLOCTEXT(""AreaTable"", ""136052434A4D1AD741558887733AEC2D"", ""The Outpost"")","None","ImperialOutpost","Town","/Game/Environments/Levels/ImperialOutpost/rules/Area_ImperialOutpost.Area_ImperialOutpost_C","1.000000","(RowName="""")","(RowName=""GoblinForest1"")","(RowName=""InfestedForest0_Town"")","(RowName=""Fort_Intro"")","(RowName="""")","(RowName="""")","(RowName="""")","(RowName="""")","(RowName="""")","(RowName="""")","(RowName="""")","(RowName="""")","(RowName="""")","(RowName="""")","(RowName="""")","(RowName="""")","(RowName="""")","(RowName="""")","(RowName="""")","None","False","0","True","True","False","True","False","1.000000","0.000000","False","True","False","True","False","False","","False","False","","(RowName="""")","(RowName="""")","None","1.000000","0.000000","0.000000","1.000000","1.000000","3000.000000","(TagName=""Element.Fire"")","(TagName=""Region.GoblinIsle.GoblinForest"")","(GameplayTags=)","(GameplayTags=)","(GameplayTags=)","(Map=())","(GameplayTags=((TagName=""Theme.Generic""),(TagName=""Gadget.Lore.Fishing.1""),(TagName=""Gadget.Lore.GeneralGraye.1""),(TagName=""Gadget.Lore.GeneralGraye.2""),(TagName=""Character.NPC.QuestGiver.Kenik.Act1""),(TagName=""Character.NPC.QuestGiver.Wolfram.Act1""),(TagName=""Character.NPC.QuestGiver.LtHix.Act1"")))","(GameplayTags=)","(Map=())","1.000000","None","None","None","(RowName=""Skill_Potion"")","(RowName="""")","(RowName="""")","(X=-20.000000,Y=20.000000)","False","False","True","True","False","False","(GameplayTags=)","(RowName=""ImperialOutpost"")","(RowName="""")","(RowName="""")","(GameplayTags=)","0","(GameplayTags=)","0","(GameplayTags=)","((GameplayTags=((TagName=""Region.GoblinIsle.GoblinForest""))))","(GameplayTags=)","((GameplayTags=((TagName=""Element.Fire""),(TagName=""Affix.Effect.Fire""))),(GameplayTags=((TagName=""Affix.Defense.Fire""))))","","(GameplayTags=((TagName=""Region.GoblinIsle.GoblinForest"")))","1.000000","1.000000","False",""
GoblinForest1,"NSLOCTEXT(""AreaTable"", ""8562166243D3092C80AC5E9F972580A3"", ""Edgewood Bluff"")","NSLOCTEXT(""AreaTable"", ""DFBBBAEC4409701F7C88A5AC1259FBF0"", ""Trevail\'s Bluff"")","Map_GoblinForestName","GFO1","Progressive","/Game/Environments/Levels/Goblinland/rules/GoblinForest1/Area_GoblinForest1.Area_GoblinForest1_C","1.000000","(RowName=""ImperialOutpost"")","(RowName=""PlayerFort"")","(RowName=""GF1_Cave1_gc1"")","(RowName=""GF1_Forest1"")","(RowName="""")","(RowName="""")","(RowName="""")","(RowName=""Gatekeeper_FortIntroPortal"")","(RowName=""Fort_Intro"")","(RowName="""")","(RowName="""")","(RowName="""")","(RowName="""")","(RowName="""")","(RowName="""")","(RowName="""")","(RowName="""")","(RowName="""")","(RowName="""")","None","False","0","True","True","False","True","False","2.000000","2.990000","False","True","False","True","False","False","((RowName=""GoblinEngineer_GoblinForest1""))","False","False","","(RowName=""Traps_Goblin"")","(RowName="""")","None","2.000000","2.990000","0.000000","1.000000","1.000000","3000.000000","(TagName=""Element.Fire"")","(TagName=""Region.GoblinIsle.GoblinForest"")","(GameplayTags=)","(GameplayTags=)","(GameplayTags=)","(Map=(((TagName=""Character.Monster.Champion""), 0.500000)))","(GameplayTags=((TagName=""Theme.Generic""),(TagName=""Theme.Mine""),(TagName=""Theme.Battle""),(TagName=""Theme.GoblinForest""),(TagName=""Character.NPC.QuestGiver.SgtWilx""),(TagName=""Gadget.Shrine.Global""),(TagName=""Gadget.Shrine.Goblin""),(TagName=""Gadget.HarvestingNode.Metal.T1.GoblinIsle""),(TagName=""Gadget.HarvestingNode.Stone.T1.GoblinIsle""),(TagName=""Gadget.HarvestingNode.Wood.T1.GoblinIsle.GoblinForest""),(TagName=""MonsterSpawner.Encounter.GF1""),(TagName=""Gadget.Lore.GoblinGraffiti.GF1"")))","(GameplayTags=)","(Map=())","1.000000","/Game/Critters/testrat/critter_testrat_b.critter_testrat_b_C","None","None","(RowName=""Skill_Potion"")","(RowName="""")","(RowName="""")","(X=-20.000000,Y=20.000000)","True","False","True","True","False","False","(GameplayTags=)","(RowName="""")","(RowName="""")","(RowName="""")","(GameplayTags=((TagName=""Loading.Wideload"")))","0","(GameplayTags=)","0","(GameplayTags=((TagName=""Region.GoblinIsle.GoblinForest.GF1"")))","((GameplayTags=((TagName=""Region.GoblinIsle.GoblinForest""))))","(GameplayTags=)","((GameplayTags=((TagName=""Element.Fire""),(TagName=""Affix.Effect.Fire""))),(GameplayTags=((TagName=""Affix.Defense.Fire""))))","((GameplayTags=((TagName=""Character.Monster.Goblin.Stabby.Forest""),(TagName=""Character.Monster.Goblin.Gunner.Normal.Forest""),(TagName=""Character.Monster.Rat.Newbie""),(TagName=""Character.Monster.Global""))))","(GameplayTags=((TagName=""Region.GoblinIsle.GoblinForest"")))","0.500000","1.000000","False",""
GF1_Forest1,"NSLOCTEXT(""AreaTable"", ""EA5A422A4FCDE11485722699FF159801"", ""Heroes\' Rest"")","NSLOCTEXT(""AreaTable"", ""0529DA3D40E6881AF246279A787DA8D4"", ""Hidden Forest"")","Map_CemeteryName","GFO1","Progressive","/Game/Environments/Levels/Goblinland/rules/GF1_Forest1/Area_GF1_Forest1.Area_GF1_Forest1_C","2.000000","(RowName=""GoblinForest1"")","(RowName="""")","(RowName="""")","(RowName="""")","(RowName="""")","(RowName="""")","(RowName="""")","(RowName="""")","(RowName="""")","(RowName="""")","(RowName="""")","(RowName="""")","(RowName="""")","(RowName="""")","(RowName="""")","(RowName="""")","(RowName="""")","(RowName="""")","(RowName="""")","A1C1Q1:Task_GotoGraveyard","False","0","True","True","False","True","False","2.000000","0.990000","False","True","False","False","False","False","((RowName=""SkeletonRangedFire_Story_Boss""))","False","False","","(RowName=""Traps_Goblin"")","(RowName="""")","None","2.000000","0.990000","0.000000","1.000000","1.000000","3000.000000","(TagName=""Element.Fire"")","(TagName=""Region.GoblinIsle.GoblinForest"")","(GameplayTags=)","(GameplayTags=)","(GameplayTags=)","(Map=())","(GameplayTags=((TagName=""Theme.Generic""),(TagName=""Theme.GoblinForest""),(TagName=""Gadget.HarvestingNode.Metal.T1.GoblinIsle""),(TagName=""Gadget.HarvestingNode.Stone.T1.GoblinIsle""),(TagName=""Gadget.HarvestingNode.Wood.T1.GoblinIsle.GoblinForest""),(TagName=""Gadget.Shrine.Global""),(TagName=""Gadget.Shrine.Goblin""),(TagName=""Gadget.Quest.Gravestone""),(TagName=""Theme.Graveyard""),(TagName=""Gadget.PetCage.MedChance""),(TagName=""Gadget.Lore.LoreSkulls"")))","(GameplayTags=)","(Map=())","1.000000","None","None","None","(RowName=""Skill_Potion"")","(RowName="""")","(RowName="""")","(X=-20.000000,Y=20.000000)","True","False","True","True","False","False","(GameplayTags=)","(RowName="""")","(RowName="""")","(RowName="""")","(GameplayTags=)","0","(GameplayTags=)","0","(GameplayTags=)","((GameplayTags=((TagName=""Region.GoblinIsle.GoblinForest""))),(GameplayTags=((TagName=""Item.Lore.TorchlightHistory.1""))))","(GameplayTags=)","((GameplayTags=((TagName=""Element.Fire""),(TagName=""Affix.Effect.Fire""))),(GameplayTags=((TagName=""Affix.Defense.Fire""))))","((GameplayTags=((TagName=""Character.Monster.Global""),(TagName=""Character.Monster.Skeleton.Melee.Physical.Newbie""),(TagName=""Character.Monster.Zombie.Melee""))))","(GameplayTags=((TagName=""Region.GoblinIsle.GoblinForest"")))","0.500000","1.000000","False",""
GF1_Cave1_gc1,"NSLOCTEXT(""AreaTable"", ""A109242A493E76FC0D1CF191536F2589"", ""Den of Upheaval"")","NSLOCTEXT(""AreaTable"", ""63BAA7384EE3683456AAA7AC79FBEDBC"", ""Den of Reveal"")","Map_GoblinCaveName","GFO1","Progressive","/Game/Environments/Levels/Goblinland/rules/GF1_Cave1/Area_GF1_Cave1_gc1.Area_GF1_Cave1_gc1_C","1.000000","(RowName=""GoblinForest1"")","(RowName="""")","(RowName="""")","(RowName="""")","(RowName="""")","(RowName="""")","(RowName="""")","(RowName="""")","(RowName="""")","(RowName="""")","(RowName="""")","(RowName="""")","(RowName="""")","(RowName="""")","(RowName="""")","(RowName="""")","(RowName="""")","(RowName="""")","(RowName="""")","A1C1Q2:Task_GotoDen","False","0","False","False","False","True","False","3.000000","0.990000","False","True","False","False","False","False","((RowName=""ShadowBeast_Story_Boss""))","False","False","","(RowName=""Traps_Goblin"")","(RowName="""")","None","3.000000","0.990000","0.000000","1.000000","1.000000","3000.000000","(TagName=""Element.Fire"")","(TagName=""Region.GoblinIsle.GoblinForest"")","(GameplayTags=)","(GameplayTags=)","(GameplayTags=)","(Map=())","(GameplayTags=((TagName=""Theme.Mine""),(TagName=""Theme.Generic""),(TagName=""Theme.GoblinForest""),(TagName=""Gadget.HarvestingNode.Metal.T1.GoblinIsle""),(TagName=""Gadget.HarvestingNode.Stone.T1.GoblinIsle""),(TagName=""Gadget.Shrine.Global""),(TagName=""Gadget.Shrine.Goblin""),(TagName=""Gadget.Quest.Mushrooms.SkyCap""),(TagName=""Gadget.PetCage.MedChance"")))","(GameplayTags=((TagName=""QuestPool.GoblinCaves"")))","(Map=())","1.000000","None","None","None","(RowName=""Skill_Potion"")","(RowName="""")","(RowName="""")","(X=-20.000000,Y=20.000000)","True","False","True","True","False","False","(GameplayTags=)","(RowName="""")","(RowName="""")","(RowName="""")","(GameplayTags=)","0","(GameplayTags=)","0","(GameplayTags=)","((GameplayTags=((TagName=""Region.GoblinIsle.GoblinForest""))))","(GameplayTags=)","((GameplayTags=((TagName=""Element.Fire""),(TagName=""Affix.Effect.Fire""))),(GameplayTags=((TagName=""Affix.Defense.Fire""))))","((GameplayTags=((TagName=""Character.Monster.Global""),(TagName=""Character.Monster.Spider.Fire.Melee""),(TagName=""Character.Monster.Spider.Fire.Ranged""),(TagName=""Character.Monster.Spider.Physical.Melee""),(TagName=""Character.Monster.Spider.Physical.Ranged""),(TagName=""Character.Monster.Rat.Normal""))))","(GameplayTags=((TagName=""Region.GoblinIsle.GoblinForest"")))","1.000000","1.000000","False",""
GF1-2_pass,"NSLOCTEXT(""AreaTable"", ""7430E2694242580006CAE295F36D4178"", ""Trevail Passage"")","NSLOCTEXT(""AreaTable"", ""2E9772FB4C109CF4493905849D304B1C"", ""Trevail\'s Trail"")","None","GFO1_Pass","Open","/Game/Environments/Levels/Forts/rules/Goblinland/Area_gob_PlayerFort.Area_gob_PlayerFort_C","1.000000","(RowName=""GoblinForest1"")","(RowName=""GoblinForest2"")","(RowName="""")","(RowName="""")","(RowName="""")","(RowName="""")","(RowName="""")","(RowName="""")","(RowName="""")","(RowName="""")","(RowName="""")","(RowName="""")","(RowName="""")","(RowName="""")","(RowName="""")","(RowName="""")","(RowName="""")","(RowName="""")","(RowName="""")","None","False","1","True","True","False","True","False","5.000000","0.000000","False","True","False","False","False","False","","False","False","","(RowName="""")","(RowName="""")","None","5.000000","0.000000","0.000000","1.000000","1.000000","3000.000000","(TagName=""Element.Fire"")","(TagName=""Region.GoblinIsle.GoblinForest"")","(GameplayTags=)","(GameplayTags=)","(GameplayTags=)","(Map=())","(GameplayTags=((TagName=""Theme.Generic"")))","(GameplayTags=)","(Map=())","1.000000","None","None","None","(RowName=""Skill_Potion"")","(RowName="""")","(RowName="""")","(X=-20.000000,Y=20.000000)","True","False","True","True","False","False","(GameplayTags=)","(RowName="""")","(RowName="""")","(RowName="""")","(GameplayTags=)","0","(GameplayTags=)","0","(GameplayTags=)","((GameplayTags=((TagName=""Region.GoblinIsle.GoblinForest""))))","(GameplayTags=)","((GameplayTags=((TagName=""Element.Fire""),(TagName=""Affix.Effect.Fire""))),(GameplayTags=((TagName=""Affix.Defense.Fire""))))","","(GameplayTags=((TagName=""Region.GoblinIsle.GoblinForest"")))","0.000000","1.000000","False",""
PlayerFort,"NSLOCTEXT(""AreaTable"", ""12DD2A124FE58A5C33598593A28992F5"", ""Trevail Passage"")","NSLOCTEXT(""AreaTable"", ""B187CC504F5461E92961E4A48AB4481F"", ""Fortress"")","None","Fort","Fort","/Game/Environments/Levels/Forts/rules/Goblinland/Area_gob_YourFort.Area_gob_YourFort_C","3.000000","(RowName=""GoblinForest1"")","(RowName=""GoblinForest2"")","(RowName="""")","(RowName="""")","(RowName="""")","(RowName="""")","(RowName="""")","(RowName="""")","(RowName="""")","(RowName="""")","(RowName="""")","(RowName="""")","(RowName="""")","(RowName="""")","(RowName="""")","(RowName="""")","(RowName="""")","(RowName="""")","(RowName="""")","TQ_FortIntro:Task_KillBoss","False","1","True","True","False","True","False","1.000000","0.000000","False","True","False","False","False","False","","False","False","","(RowName="""")","(RowName="""")","None","1.000000","0.000000","0.000000","1.000000","1.000000","3000.000000","(TagName="""")","(TagName=""Region.GoblinIsle.GoblinForest"")","(GameplayTags=)","(GameplayTags=)","(GameplayTags=)","(Map=())","(GameplayTags=((TagName=""Theme.None""),(TagName=""Character.NPC.QuestGiver.SgtKlive""),(TagName=""Theme.Generic"")))","(GameplayTags=)","(Map=())","1.000000","None","None","None","(RowName=""Skill_Potion"")","(RowName="""")","(RowName="""")","(X=0.000000,Y=0.000000)","True","False","True","True","False","False","(GameplayTags=)","(RowName=""YourFort"")","(RowName="""")","(RowName="""")","(GameplayTags=)","0","(GameplayTags=)","0","(GameplayTags=)","","(GameplayTags=)","","","(GameplayTags=)","0.000000","1.000000","False",""
Fort_Intro,"NSLOCTEXT(""AreaTable"", ""B03991EB480A5894BCB844824ED89950"", ""Trevail Passage"")","NSLOCTEXT(""AreaTable"", ""28D1814B46E309017539E78520F64D93"", ""Invaded Fort"")","None","Fort_Intro","Progressive","/Game/Environments/Levels/Forts/rules/Goblinland/Area_gob_YourFort_intro.Area_gob_YourFort_intro_C","1.000000","(RowName=""GoblinForest1"")","(RowName=""GoblinForest2"")","(RowName="""")","(RowName="""")","(RowName="""")","(RowName="""")","(RowName="""")","(RowName="""")","(RowName="""")","(RowName="""")","(RowName="""")","(RowName="""")","(RowName="""")","(RowName="""")","(RowName="""")","(RowName="""")","(RowName="""")","(RowName="""")","(RowName="""")","TQ_FortIntro:Task_GoToFortIntro","False","0","True","True","False","False","False","4.000000","0.990000","False","True","False","False","True","False","((RowName=""GoblinChanter_Story_Boss""))","False","False","","(RowName=""Traps_Goblin"")","(RowName="""")","None","4.000000","0.990000","0.000000","1.000000","1.000000","3000.000000","(TagName=""Element.Fire"")","(TagName=""Region.GoblinIsle.GoblinForest"")","(GameplayTags=)","(GameplayTags=)","(GameplayTags=)","(Map=())","(GameplayTags=)","(GameplayTags=)","(Map=())","1.000000","None","None","None","(RowName=""Skill_Potion"")","(RowName="""")","(RowName="""")","(X=-20.000000,Y=20.000000)","True","False","True","False","False","False","(GameplayTags=((TagName=""Skill.Portal"")))","(RowName="""")","(RowName="""")","(RowName="""")","(GameplayTags=)","0","(GameplayTags=)","0","(GameplayTags=)","((GameplayTags=((TagName=""Region.GoblinIsle.GoblinForest""))))","(GameplayTags=)","((GameplayTags=((TagName=""Element.Fire""),(TagName=""Affix.Effect.Fire""))),(GameplayTags=((TagName=""Affix.Defense.Fire""))))","((GameplayTags=((TagName=""Character.Monster.Goblin.Gunner.Normal.Forest""),(TagName=""Character.Monster.Goblin.Stabby.Forest.Normal""))))","(GameplayTags=((TagName=""Region.GoblinIsle.GoblinForest"")))","0.750000","0.750000","False",""
GoblinForest2,"NSLOCTEXT(""AreaTable"", ""1D2D8D01456EE8A5C3DD92AB4CD79547"", ""Fields of Unrest"")","NSLOCTEXT(""AreaTable"", ""C4E45B4B4C679409C3E8469576AC772D"", ""Imperial Battlegrounds"")","Map_CemeteryName","GFO2","Progressive","/Game/Environments/Levels/Goblinland/rules/GoblinForest2/Area_GoblinForest2.Area_GoblinForest2_C","3.000000","(RowName=""PlayerFort"")","(RowName=""GF2-3_pass"")","(RowName=""GF2_Caves1_gc1"")","(RowName=""GF2_Caves2_gc3"")","(RowName="""")","(RowName="""")","(RowName="""")","(RowName="""")","(RowName="""")","(RowName="""")","(RowName="""")","(RowName="""")","(RowName="""")","(RowName="""")","(RowName="""")","(RowName="""")","(RowName="""")","(RowName="""")","(RowName="""")","A1C2Q1:Task_GotoFields","False","0","True","True","False","True","False","5.000000","1.990000","False","True","False","True","False","False","","False","True","","(RowName=""Traps_Goblin"")","(RowName="""")","None","5.000000","1.990000","0.000000","1.000000","1.000000","3000.000000","(TagName=""Element.Fire"")","(TagName=""Region.GoblinIsle.GoblinForest"")","(GameplayTags=)","(GameplayTags=)","(GameplayTags=)","(Map=())","(GameplayTags=((TagName=""Theme.Generic""),(TagName=""Theme.GoblinForest""),(TagName=""Gadget.HarvestingNode.Metal.T1.GoblinIsle""),(TagName=""Gadget.HarvestingNode.Stone.T1.GoblinIsle""),(TagName=""Gadget.HarvestingNode.Wood.T1.GoblinIsle.GoblinForest""),(TagName=""Gadget.Shrine.Global""),(TagName=""Gadget.Shrine.Goblin""),(TagName=""MonsterSpawner.Encounter.GF2""),(TagName=""Breakable.Barrel.Explosive""),(TagName=""Gadget.Lore.ImperialGuardCorpse.5"")))","(GameplayTags=)","(Map=())","1.000000","None","None","None","(RowName=""Skill_Potion"")","(RowName="""")","(RowName="""")","(X=-20.000000,Y=20.000000)","True","False","True","True","False","False","(GameplayTags=)","(RowName="""")","(RowName="""")","(RowName="""")","(GameplayTags=((TagName=""Loading.Wideload"")))","0","(GameplayTags=)","0","(GameplayTags=((TagName=""Region.GoblinIsle.GoblinForest.GF2"")))","((GameplayTags=((TagName=""Region.GoblinIsle.GoblinForest""))),(GameplayTags=((TagName=""Item.Lore.Undead.1""))))","(GameplayTags=)","((GameplayTags=((TagName=""Element.Fire""),(TagName=""Affix.Effect.Fire""))),(GameplayTags=((TagName=""Affix.Defense.Fire""))))","((GameplayTags=((TagName=""Character.Monster.Global""),(TagName=""Character.Monster.Zombie.Melee.Normal""),(TagName=""Character.Monster.Skeleton.Melee.Physical.Normal""),(TagName=""Character.Monster.Skeleton.Melee.Fire""),(TagName=""Character.Monster.Skeleton.Ranged.Fire""),(TagName=""Character.Monster.Spider.Physical.Melee""),(TagName=""Character.Monster.Spider.Physical.Ranged""),(TagName=""Character.Monster.Rat.Normal""))))","(GameplayTags=((TagName=""Region.GoblinIsle.GoblinForest"")))","0.500000","1.000000","False",""
GF2_Caves1_gc1,"NSLOCTEXT(""AreaTable"", ""53BE17B04AA14DC7107639BF2707B62A"", ""The Chasm"")","NSLOCTEXT(""AreaTable"", ""B7B6B6D2472DDB183759DB94C6228704"", ""Murky Depths"")","Map_GoblinCaveName","GFO2","Progressive","/Game/Environments/Levels/Goblinland/rules/GF2_Cave1/Area_GF2_Cave1_gc1.Area_GF2_Cave1_gc1_C","2.000000","(RowName=""GoblinForest2"")","(RowName="""")","(RowName="""")","(RowName="""")","(RowName="""")","(RowName="""")","(RowName="""")","(RowName="""")","(RowName="""")","(RowName="""")","(RowName="""")","(RowName="""")","(RowName="""")","(RowName="""")","(RowName="""")","(RowName="""")","(RowName="""")","(RowName="""")","(RowName="""")","A1C2Q1:Task_GotoChasm","False","0","False","False","False","True","False","5.000000","0.990000","False","True","False","False","False","False","((RowName=""StoneElemental_Story_Boss""))","False","False","","(RowName=""Traps_Goblin"")","(RowName="""")","None","5.000000","0.990000","0.000000","1.000000","1.000000","3000.000000","(TagName=""Element.Fire"")","(TagName=""Region.GoblinIsle.GoblinForest"")","(GameplayTags=)","(GameplayTags=)","(GameplayTags=)","(Map=())","(GameplayTags=((TagName=""Theme.Generic""),(TagName=""Theme.GoblinForest""),(TagName=""Gadget.Shrine.Global""),(TagName=""Gadget.Shrine.Goblin""),(TagName=""Gadget.HarvestingNode.Metal.T1.GoblinIsle""),(TagName=""Gadget.HarvestingNode.Stone.T1.GoblinIsle""),(TagName=""Gadget.PetCage.MedChance""),(TagName=""Gadget.Lore.ImperialGuardCorpse.1"")))","(GameplayTags=)","(Map=())","1.000000","None","None","None","(RowName=""Skill_Potion"")","(RowName="""")","(RowName="""")","(X=-20.000000,Y=20.000000)","True","False","True","True","False","False","(GameplayTags=)","(RowName="""")","(RowName="""")","(RowName="""")","(GameplayTags=)","0","(GameplayTags=)","0","(GameplayTags=)","((GameplayTags=((TagName=""Region.GoblinIsle.GoblinForest""))),(GameplayTags=((TagName=""Item.Lore.Ember.1""))))","(GameplayTags=)","((GameplayTags=((TagName=""Element.Fire""),(TagName=""Affix.Effect.Fire""))),(GameplayTags=((TagName=""Affix.Defense.Fire""))))","((GameplayTags=((TagName=""Character.Monster.ForestLurker.Normal""),(TagName=""Character.Monster.Skeleton.Ranged.Physical""),(TagName=""Character.Monster.Global""),(TagName=""Character.Monster.Netherim.Netherling""),(TagName=""Character.Monster.Netherim.Warrior""))))","(GameplayTags=((TagName=""Region.GoblinIsle.GoblinForest"")))","1.000000","1.000000","False",""
GF2_Caves2_gc3,"NSLOCTEXT(""AreaTable"", ""3617EC8B4E6DA25A91A3A293BB6CEEDD"", ""Trial of Fire"")","NSLOCTEXT(""AreaTable"", ""3B878BDC48812C3B79CFE089E0505E23"", ""Lower Excavated Mines"")","Map_GoblinCaveName","GFO2","Progressive","/Game/Environments/Levels/Goblinland/rules/GF2_Cave2a/Area_GF2_Cave2a_gc3.Area_GF2_Cave2a_gc3_C","2.000000","(RowName=""GoblinForest2"")","(RowName=""GF2_Caves2a_boss_gc3"")","(RowName="""")","(RowName="""")","(RowName="""")","(RowName="""")","(RowName="""")","(RowName="""")","(RowName="""")","(RowName="""")","(RowName="""")","(RowName="""")","(RowName="""")","(RowName="""")","(RowName="""")","(RowName="""")","(RowName="""")","(RowName="""")","(RowName="""")","A1C2Q2:Task_GotoTrial","False","0","False","False","False","True","False","6.000000","0.990000","False","True","False","False","False","False","","False","False","","(RowName=""Traps_Goblin"")","(RowName="""")","None","6.000000","0.990000","0.000000","1.000000","1.000000","3000.000000","(TagName=""Element.Fire"")","(TagName=""Region.GoblinIsle.GoblinForest"")","(GameplayTags=)","(GameplayTags=)","(GameplayTags=)","(Map=())","(GameplayTags=((TagName=""Theme.Generic""),(TagName=""Theme.GoblinForest""),(TagName=""Gadget.HarvestingNode.Metal.T1.GoblinIsle""),(TagName=""Gadget.HarvestingNode.Stone.T1.GoblinIsle""),(TagName=""Gadget.Shrine.Global""),(TagName=""Gadget.Shrine.Goblin""),(TagName=""Gadget.Lore.GoblinGraffiti.GF2_Caves2_GC3"")))","(GameplayTags=)","(Map=())","1.000000","None","None","None","(RowName=""Skill_Potion"")","(RowName="""")","(RowName="""")","(X=-20.000000,Y=20.000000)","True","False","True","True","False","False","(GameplayTags=)","(RowName="""")","(RowName="""")","(RowName="""")","(GameplayTags=)","0","(GameplayTags=)","0","(GameplayTags=)","((GameplayTags=((TagName=""Region.GoblinIsle.GoblinForest""))))","(GameplayTags=)","((GameplayTags=((TagName=""Element.Fire""),(TagName=""Affix.Effect.Fire""))),(GameplayTags=((TagName=""Affix.Defense.Fire""))))","((GameplayTags=((TagName=""Character.Monster.Global""),(TagName=""Character.Monster.Netherim.Warrior""),(TagName=""Character.Monster.Netherim.Netherling""),(TagName=""Character.Monster.Goblin.Bomber.Forest""),(TagName=""Character.Monster.Goblin.Miner.Forest""))))","(GameplayTags=((TagName=""Region.GoblinIsle.GoblinForest"")))","1.000000","1.000000","False",""
GF2_Caves2a_boss_gc3,"NSLOCTEXT(""AreaTable"", ""3E8480214AA995208F5F32BDDFBC550E"", ""Wideload\'s Lair"")","NSLOCTEXT(""AreaTable"", ""925EA75343C0CD0D56386498096D66CE"", ""Disastrous Pitfall"")","Map_GoblinCaveName","GFO2","Progressive","/Game/Environments/Levels/Goblinland/rules/GF2_Cave2b_boss/Area_GF2_Cave2b_boss_gc3.Area_GF2_Cave2b_boss_gc3_C","1.000000","(RowName=""GF2_Caves2_gc3"")","(RowName="""")","(RowName="""")","(RowName="""")","(RowName="""")","(RowName="""")","(RowName="""")","(RowName="""")","(RowName="""")","(RowName="""")","(RowName="""")","(RowName="""")","(RowName="""")","(RowName="""")","(RowName="""")","(RowName="""")","(RowName="""")","(RowName="""")","(RowName="""")","A1C2Q2:Task_GotoWideload","False","0","False","False","False","False","False","7.000000","0.000000","False","True","False","False","False","False","((RowName=""Goblin_Brute_Story_Boss""))","False","False","","(RowName=""Traps_Goblin"")","(RowName="""")","None","7.000000","0.000000","0.000000","1.000000","3.000000","3000.000000","(TagName=""Element.Fire"")","(TagName=""Region.GoblinIsle.GoblinForest"")","(GameplayTags=)","(GameplayTags=)","(GameplayTags=)","(Map=())","(GameplayTags=((TagName=""Theme.Generic""),(TagName=""Theme.Mine""),(TagName=""Gadget.PetCage.HighChance"")))","(GameplayTags=)","(Map=())","1.000000","None","None","None","(RowName=""Skill_Potion"")","(RowName="""")","(RowName="""")","(X=-20.000000,Y=20.000000)","True","False","False","True","False","False","(GameplayTags=((TagName=""Skill.Stuck"")))","(RowName="""")","(RowName="""")","(RowName="""")","(GameplayTags=)","0","(GameplayTags=)","0","(GameplayTags=)","((GameplayTags=((TagName=""Region.GoblinIsle.GoblinForest""))))","(GameplayTags=)","((GameplayTags=((TagName=""Element.Fire""),(TagName=""Affix.Effect.Fire""))),(GameplayTags=((TagName=""Affix.Defense.Fire""))))","((GameplayTags=((TagName=""Character.Monster.Goblin.Gunner.Normal.Forest""),(TagName=""Character.Monster.Goblin.Miner.Forest""),(TagName=""Character.Monster.Goblin.Chanter.Normal.Forest""))))","(GameplayTags=((TagName=""Region.GoblinIsle.GoblinForest"")))","1.000000","1.000000","False",""
GF2-3_pass,"NSLOCTEXT(""AreaTable"", ""143325D14691FBF78D48DE943453AC34"", ""Well-Trodden Path"")","NSLOCTEXT(""AreaTable"", ""AF2A98124093C5722DE175940B156571"", ""Well-Trodden Passage"")","None","GFO2_Pass","Open","/Game/Environments/Levels/Forts/rules/Goblinland/Area_gob_PlayerFort_GF2.Area_gob_PlayerFort_GF2_C","1.000000","(RowName=""GoblinForest2"")","(RowName=""GoblinForest3"")","(RowName="""")","(RowName="""")","(RowName="""")","(RowName="""")","(RowName="""")","(RowName="""")","(RowName="""")","(RowName="""")","(RowName="""")","(RowName="""")","(RowName="""")","(RowName="""")","(RowName="""")","(RowName="""")","(RowName="""")","(RowName="""")","(RowName="""")","None","False","1","True","True","False","True","False","7.000000","0.000000","False","True","False","False","False","False","","False","False","","(RowName=""Traps_Goblin"")","(RowName="""")","None","7.000000","0.000000","0.000000","1.000000","1.000000","3000.000000","(TagName=""Element.Fire"")","(TagName=""Region.GoblinIsle.GoblinForest"")","(GameplayTags=)","(GameplayTags=)","(GameplayTags=)","(Map=())","(GameplayTags=((TagName=""Theme.Generic"")))","(GameplayTags=)","(Map=())","1.000000","None","None","None","(RowName=""Skill_Potion"")","(RowName="""")","(RowName="""")","(X=-20.000000,Y=20.000000)","True","False","True","True","False","False","(GameplayTags=)","(RowName="""")","(RowName="""")","(RowName="""")","(GameplayTags=)","0","(GameplayTags=)","0","(GameplayTags=)","((GameplayTags=((TagName=""Region.GoblinIsle.GoblinForest""))))","(GameplayTags=)","((GameplayTags=((TagName=""Element.Fire""),(TagName=""Affix.Effect.Fire""))),(GameplayTags=((TagName=""Affix.Defense.Fire""))))","","(GameplayTags=((TagName=""Region.GoblinIsle.GoblinForest"")))","0.000000","1.000000","False",""
GoblinForest3,"NSLOCTEXT(""AreaTable"", ""B32C09D840247CD7A711E0B116899DED"", ""Firebelly Village"")","NSLOCTEXT(""AreaTable"", ""4BADC7074217C22079D354B3797A782D"", ""Vagrant Village"")","Map_GoblinForestName","GFO3","Progressive","/Game/Environments/Levels/Goblinland/rules/GoblinForest3/Area_GoblinForest3.Area_GoblinForest3_C","3.000000","(RowName=""GF2-3_pass"")","(RowName=""GF3-4_pass"")","(RowName=""GF3_Cave1_gc1_spider"")","(RowName=""GF3_Cave2_gc4"")","(RowName="""")","(RowName="""")","(RowName="""")","(RowName="""")","(RowName="""")","(RowName="""")","(RowName="""")","(RowName="""")","(RowName="""")","(RowName="""")","(RowName="""")","(RowName="""")","(RowName="""")","(RowName="""")","(RowName="""")","A1C3Q1:Task_GotoFirebelly","False","0","True","True","False","True","False","7.000000","1.990000","False","True","False","True","False","False","","False","True","","(RowName=""Traps_Goblin"")","(RowName="""")","None","7.000000","1.990000","0.000000","1.000000","1.000000","3000.000000","(TagName=""Element.Fire"")","(TagName=""Region.GoblinIsle.GoblinForest"")","(GameplayTags=)","(GameplayTags=)","(GameplayTags=)","(Map=())","(GameplayTags=((TagName=""Theme.GoblinVillage""),(TagName=""Theme.Quest.KeniksThings""),(TagName=""Theme.GoblinForest""),(TagName=""Gadget.HarvestingNode.Metal.T1.GoblinIsle""),(TagName=""Gadget.HarvestingNode.Stone.T1.GoblinIsle""),(TagName=""Gadget.HarvestingNode.Wood.T1.GoblinIsle.GoblinForest""),(TagName=""Theme.Generic""),(TagName=""Gadget.Shrine.Global""),(TagName=""Gadget.Shrine.Goblin""),(TagName=""MonsterSpawner.Encounter.GF3""),(TagName=""Gadget.Lore.GoblinGraffiti.GF3""),(TagName=""Gadget.Lore.EchoCrystal.GF3"")))","(GameplayTags=)","(Map=())","1.000000","None","None","None","(RowName=""Skill_Potion"")","(RowName="""")","(RowName="""")","(X=-20.000000,Y=20.000000)","True","False","True","True","False","False","(GameplayTags=)","(RowName="""")","(RowName="""")","(RowName="""")","(GameplayTags=)","0","(GameplayTags=)","0","(GameplayTags=((TagName=""Region.GoblinIsle.GoblinForest.GF3"")))","((GameplayTags=((TagName=""Region.GoblinIsle.GoblinForest""))))","(GameplayTags=)","((GameplayTags=((TagName=""Element.Fire""),(TagName=""Affix.Effect.Fire""))),(GameplayTags=((TagName=""Affix.Defense.Fire""))))","((GameplayTags=((TagName=""Character.Monster.Global""),(TagName=""Character.Monster.Goblin.Hounds.RiderBeast""),(TagName=""Character.Monster.Goblin.Chanter.Normal.Red""),(TagName=""Character.Monster.Goblin.Gunner.Normal.Red""),(TagName=""Character.Monster.Goblin.Lumberjack.Red""))))","(GameplayTags=((TagName=""Region.GoblinIsle.GoblinForest"")))","0.500000","1.000000","False",""
GF3_Cave1_gc1_spider,"NSLOCTEXT(""AreaTable"", ""545559C348E0E93D18A0F8929C912FCB"", ""The Abandoned Mine"")","NSLOCTEXT(""AreaTable"", ""5CA1072B4814C33890636D8FB09878D5"", ""Ghastly Dig"")","Map_GoblinCaveName","GFO3","Progressive","/Game/Environments/Levels/Goblinland/rules/GF3_Cave1/Area_GF3_Cave1_gc1.Area_GF3_Cave1_gc1_C","4.000000","(RowName=""GoblinForest3"")","(RowName=""GF3_Cave1a_boss"")","(RowName="""")","(RowName="""")","(RowName="""")","(RowName="""")","(RowName="""")","(RowName="""")","(RowName="""")","(RowName="""")","(RowName="""")","(RowName="""")","(RowName="""")","(RowName="""")","(RowName="""")","(RowName="""")","(RowName="""")","(RowName="""")","(RowName="""")","A1C3Q1:Task_GotoMines","False","0","True","True","False","True","False","7.000000","0.990000","False","True","False","False","False","False","","False","False","","(RowName=""Traps_Goblin"")","(RowName="""")","None","7.000000","0.990000","0.000000","1.000000","1.000000","3000.000000","(TagName=""Element.Fire"")","(TagName=""Region.GoblinIsle.GoblinForest"")","(GameplayTags=)","(GameplayTags=)","(GameplayTags=)","(Map=())","(GameplayTags=((TagName=""Theme.Generic""),(TagName=""Theme.Graveyard""),(TagName=""Theme.GoblinForest""),(TagName=""Gadget.HarvestingNode.Metal.T1.GoblinIsle""),(TagName=""Gadget.HarvestingNode.Stone.T1.GoblinIsle""),(TagName=""Gadget.Shrine.Global""),(TagName=""Gadget.Shrine.Goblin""),(TagName=""Gadget.Quest.HixCocoon""),(TagName=""Gadget.Quest.KenikCocoon""),(TagName=""MonsterSpawner.StoneElemental.GoblinCaves""),(TagName=""Theme.StoneElemental.GoblinForest""),(TagName=""Gadget.Lore.LoreSkulls""),(TagName=""Gadget.Lore.EchoCrystal.GF3_Cave1_GC1_Spider"")))","(GameplayTags=)","(Map=(((TagName=""Affix.LifeBound""), 0.200000)))","1.000000","None","None","None","(RowName=""Skill_Potion"")","(RowName="""")","(RowName="""")","(X=-20.000000,Y=20.000000)","True","False","True","True","False","False","(GameplayTags=)","(RowName="""")","(RowName="""")","(RowName="""")","(GameplayTags=)","0","(GameplayTags=((TagName=""MapWorks.Dungeon.Goblin"")))","1","(GameplayTags=)","((GameplayTags=((TagName=""Region.GoblinIsle.GoblinForest""))),(GameplayTags=((TagName=""Item.Lore.TorchlightHistory.2""))))","(GameplayTags=)","((GameplayTags=((TagName=""Element.Fire""),(TagName=""Affix.Effect.Fire""))),(GameplayTags=((TagName=""Affix.Defense.Fire""))))","((GameplayTags=((TagName=""Character.Monster.Global""),(TagName=""Character.Monster.Spider.Fire.Melee""),(TagName=""Character.Monster.Spider.Fire.Ranged""),(TagName=""Character.Monster.Spider.Physical.Melee""),(TagName=""Character.Monster.Spider.Physical.Ranged""),(TagName=""Character.Monster.Rat.Normal""),(TagName=""Character.Monster.StoneElemental.GoblinCaves""))))","(GameplayTags=((TagName=""Region.GoblinIsle.GoblinForest"")))","1.000000","1.000000","False",""
GF3_Cave1a_boss,"NSLOCTEXT(""AreaTable"", ""2CE04644469145DFEFCC53AD41AAAA3B"", ""Lair of Fuego"")","NSLOCTEXT(""AreaTable"", ""C07CDCC84590F3E28C218CA6F1BB09FF"", ""En Fuego"")","Map_GoblinCaveName","GFO3","Progressive","/Game/Environments/Levels/Goblinland/rules/GF3_Cave1a/Area_GF3_Cave1a_boss_gc2.Area_GF3_Cave1a_boss_gc2_C","1.000000","(RowName=""GF3_Cave1_gc1_spider"")","(RowName="""")","(RowName="""")","(RowName="""")","(RowName="""")","(RowName="""")","(RowName="""")","(RowName="""")","(RowName="""")","(RowName="""")","(RowName="""")","(RowName="""")","(RowName="""")","(RowName="""")","(RowName="""")","(RowName="""")","(RowName="""")","(RowName="""")","(RowName="""")","A1C3Q1:Task_KillBoss","False","0","True","True","False","False","False","8.000000","0.990000","False","True","False","False","False","False","((RowName=""Spider_Fire_Story_Boss""))","False","False","","(RowName=""Traps_Goblin"")","(RowName="""")","None","8.000000","0.990000","0.000000","1.000000","1.000000","3000.000000","(TagName=""Element.Fire"")","(TagName=""Region.GoblinIsle.GoblinForest"")","(GameplayTags=)","(GameplayTags=)","(GameplayTags=)","(Map=())","(GameplayTags=((TagName=""Theme.Generic""),(TagName=""Theme.GoblinForest""),(TagName=""Gadget.HarvestingNode.Metal.T1.GoblinIsle""),(TagName=""Gadget.HarvestingNode.Stone.T1.GoblinIsle""),(TagName=""Gadget.Shrine.Global""),(TagName=""Gadget.Shrine.Goblin""),(TagName=""Gadget.Quest.WolframCocoon""),(TagName=""Gadget.PetCage.HighChance""),(TagName=""MonsterSpawner.StoneElemental.GoblinCaves""),(TagName=""Theme.StoneElemental.GoblinCaves"")))","(GameplayTags=)","(Map=())","1.000000","None","None","None","(RowName=""Skill_Potion"")","(RowName="""")","(RowName="""")","(X=0.000000,Y=0.000000)","True","False","False","True","False","False","(GameplayTags=((TagName=""Skill.Stuck"")))","(RowName="""")","(RowName="""")","(RowName="""")","(GameplayTags=)","0","(GameplayTags=)","0","(GameplayTags=)","((GameplayTags=((TagName=""Region.GoblinIsle.GoblinForest""))))","(GameplayTags=)","((GameplayTags=((TagName=""Element.Fire""),(TagName=""Affix.Effect.Fire""))),(GameplayTags=((TagName=""Affix.Defense.Fire""))))","((GameplayTags=((TagName=""Character.Monster.Global""),(TagName=""Character.Monster.Spider.Fire.Melee""),(TagName=""Character.Monster.Spider.Fire.Ranged""),(TagName=""Character.Monster.Spider.Physical.Melee""),(TagName=""Character.Monster.Spider.Physical.Ranged""),(TagName=""Character.Monster.Rat.Normal""),(TagName=""Character.Monster.StoneElemental.GoblinCaves""))))","(GameplayTags=((TagName=""Region.GoblinIsle.GoblinForest"")))","1.000000","1.000000","False",""
GF3_Cave2_gc4,"NSLOCTEXT(""AreaTable"", ""E06D1AED46E4F980F3AE5ABDF2DA34A2"", ""Excavated Workshop"")","NSLOCTEXT(""AreaTable"", ""36F3F368494971C4A9B2F6BF3A9437E6"", ""Workshops"")","Map_EchoInteriorName","GFO3","Progressive","/Game/Environments/Levels/Goblinland/rules/GF3_Cave2/Area_GF3_Cave2_gc2.Area_GF3_Cave2_gc2_C","3.000000","(RowName=""GoblinForest3"")","(RowName=""GF3_Cave2a_boss_gc4"")","(RowName="""")","(RowName="""")","(RowName="""")","(RowName="""")","(RowName="""")","(RowName="""")","(RowName="""")","(RowName="""")","(RowName="""")","(RowName="""")","(RowName="""")","(RowName="""")","(RowName="""")","(RowName="""")","(RowName="""")","(RowName="""")","(RowName="""")","A1C3Q2:Task_GotoWorkshop","False","0","True","False","False","True","False","8.000000","0.990000","False","True","False","False","False","False","","False","False","","(RowName=""Traps_Goblin"")","(RowName="""")","None","8.000000","0.990000","0.000000","1.000000","1.000000","3000.000000","(TagName=""Element.Fire"")","(TagName=""Region.GoblinIsle.GoblinForest"")","(GameplayTags=)","(GameplayTags=)","(GameplayTags=)","(Map=())","(GameplayTags=((TagName=""Theme.Generic""),(TagName=""Gadget.Shrine.Global""),(TagName=""Gadget.Shrine.Goblin""),(TagName=""Theme.Echonok""),(TagName=""Gadget.HarvestingNode.Metal.T1.GoblinIsle""),(TagName=""Gadget.HarvestingNode.Stone.T1.GoblinIsle""),(TagName=""Gadget.HarvestingNode.Wood.T1.GoblinIsle.GoblinForest""),(TagName=""Gadget.Lore.DyingGuard.GF3_Cave2_GC4""),(TagName=""Gadget.Lore.EchoCrystal.GF3_Cave2_GC4"")))","(GameplayTags=)","(Map=())","1.000000","None","None","None","(RowName=""Skill_Potion"")","(RowName="""")","(RowName="""")","(X=-20.000000,Y=20.000000)","True","False","True","True","False","False","(GameplayTags=)","(RowName="""")","(RowName="""")","(RowName="""")","(GameplayTags=)","0","(GameplayTags=)","0","(GameplayTags=)","((GameplayTags=((TagName=""Region.GoblinIsle.GoblinForest""))))","(GameplayTags=)","((GameplayTags=((TagName=""Element.Fire""),(TagName=""Affix.Effect.Fire""))),(GameplayTags=((TagName=""Affix.Defense.Fire""))))","((GameplayTags=((TagName=""Character.Monster.Automaton.Custodian.Fire""),(TagName=""Character.Monster.Automaton.Exploderbot""),(TagName=""Character.Monster.Global""),(TagName=""Character.Monster.Goblin.Engineer.Red""))))","(GameplayTags=((TagName=""Region.GoblinIsle.GoblinForest"")))","1.000000","1.000000","False",""
GF3_Cave2a_boss_gc4,"NSLOCTEXT(""AreaTable"", ""1955C6AE44E0F75B31D10DBFE4FBB2FE"", ""Crash Course"")","NSLOCTEXT(""AreaTable"", ""9B28EAAB4622D8E497FA5B908BF2D598"", ""Pillaged Village"")","Map_GoblinForestName","GFO3","Progressive","/Game/Environments/Levels/Goblinland/rules/GF3_Cave2c_boss/Area_GF3_Cave2c_boss_gc2.Area_GF3_Cave2c_boss_gc2_C","3.000000","(RowName=""GF3_Cave2_gc4"")","(RowName="""")","(RowName="""")","(RowName="""")","(RowName="""")","(RowName="""")","(RowName="""")","(RowName="""")","(RowName="""")","(RowName="""")","(RowName="""")","(RowName="""")","(RowName="""")","(RowName="""")","(RowName="""")","(RowName="""")","(RowName="""")","(RowName="""")","(RowName="""")","A1C3Q2:Task_GotoCrash","False","0","True","True","False","False","False","9.000000","0.000000","False","True","False","False","False","False","((RowName=""Automaton_Story_Boss""))","False","False","","(RowName=""Traps_Goblin"")","(RowName="""")","None","9.000000","0.000000","0.000000","1.000000","1.000000","3000.000000","(TagName=""Element.Fire"")","(TagName=""Region.GoblinIsle.GoblinForest"")","(GameplayTags=)","(GameplayTags=)","(GameplayTags=)","(Map=())","(GameplayTags=((TagName=""Theme.Generic""),(TagName=""Theme.GoblinForest""),(TagName=""Gadget.HarvestingNode.Metal.T1.GoblinIsle""),(TagName=""Gadget.HarvestingNode.Stone.T1.GoblinIsle""),(TagName=""Gadget.Shrine.Global""),(TagName=""Gadget.Shrine.Goblin""),(TagName=""Gadget.PetCage.HighChance""),(TagName=""Gadget.Lore.GoblinGraffiti.GF3_Cave2A_Boss_GC4"")))","(GameplayTags=)","(Map=(((TagName=""Affix.LifeBound""), 0.200000)))","1.000000","None","None","None","(RowName=""Skill_Potion"")","(RowName="""")","(RowName="""")","(X=-20.000000,Y=20.000000)","True","False","False","True","False","False","(GameplayTags=((TagName=""Skill.Stuck"")))","(RowName="""")","(RowName="""")","(RowName="""")","(GameplayTags=)","0","(GameplayTags=((TagName=""MapWorks.Dungeon.Goblin"")))","0","(GameplayTags=)","((GameplayTags=((TagName=""Region.GoblinIsle.GoblinForest""))))","(GameplayTags=)","((GameplayTags=((TagName=""Element.Fire""),(TagName=""Affix.Effect.Fire""))),(GameplayTags=((TagName=""Affix.Defense.Fire""))))","((GameplayTags=((TagName=""Character.Monster.Rat.Large""),(TagName=""Character.Monster.Global""),(TagName=""Character.Monster.Goblin.Stabby.Red""),(TagName=""Character.Monster.Goblin.Bomber.Red""),(TagName=""Character.Monster.Goblin.Gunner.Normal.Red""))))","(GameplayTags=((TagName=""Region.GoblinIsle.GoblinForest"")))","1.000000","1.000000","False",""
GF3-4_pass,"NSLOCTEXT(""AreaTable"", ""FECE5D1D44BB652450A955B54F0CEEEA"", ""Overgrown Trek"")","NSLOCTEXT(""AreaTable"", ""9DD5456D4E294A35F8738DB07689629E"", ""Overgrown Passage"")","None","GFO3_Pass","Open","/Game/Environments/Levels/Forts/rules/Goblinland/Area_gob_PlayerFort_GF3.Area_gob_PlayerFort_GF3_C","1.000000","(RowName=""GoblinForest3"")","(RowName=""GoblinForest4"")","(RowName="""")","(RowName="""")","(RowName="""")","(RowName="""")","(RowName="""")","(RowName="""")","(RowName="""")","(RowName="""")","(RowName="""")","(RowName="""")","(RowName="""")","(RowName="""")","(RowName="""")","(RowName="""")","(RowName="""")","(RowName="""")","(RowName="""")","None","False","1","True","True","False","True","False","9.000000","0.000000","False","True","False","False","False","False","","False","False","","(RowName=""Traps_Goblin"")","(RowName="""")","None","9.000000","0.000000","0.000000","1.000000","1.000000","3000.000000","(TagName=""Element.Fire"")","(TagName=""Region.GoblinIsle.GoblinForest"")","(GameplayTags=)","(GameplayTags=)","(GameplayTags=)","(Map=())","(GameplayTags=((TagName=""Theme.Generic"")))","(GameplayTags=)","(Map=())","1.000000","None","None","None","(RowName=""Skill_Potion"")","(RowName="""")","(RowName="""")","(X=0.000000,Y=0.000000)","True","False","True","True","False","False","(GameplayTags=)","(RowName="""")","(RowName="""")","(RowName="""")","(GameplayTags=)","0","(GameplayTags=)","0","(GameplayTags=)","((GameplayTags=((TagName=""Region.GoblinIsle.GoblinForest""))))","(GameplayTags=)","((GameplayTags=((TagName=""Element.Fire""),(TagName=""Affix.Effect.Fire""))),(GameplayTags=((TagName=""Affix.Defense.Fire""))))","","(GameplayTags=((TagName=""Region.GoblinIsle.GoblinForest"")))","1.000000","1.000000","False",""
GoblinForest4,"NSLOCTEXT(""AreaTable"", ""ECC1654A472846AE3BF8329939F8D99B"", ""Firebelly Stronghold"")","NSLOCTEXT(""AreaTable"", ""6BF728284281879034883AA8AC2379C5"", ""Gobstomper Watch"")","Map_GoblinForestName","GFO4","Progressive","/Game/Environments/Levels/Goblinland/rules/GoblinForest4/Area_GoblinForest4.Area_GoblinForest4_C","1.000000","(RowName=""GF3-4_pass"")","(RowName=""GoblinForest5"")","(RowName=""GF4_Cave1_gc2"")","(RowName=""GF4_Cave2_gc1"")","(RowName=""GF4_Forest1"")","(RowName="""")","(RowName="""")","(RowName="""")","(RowName="""")","(RowName="""")","(RowName="""")","(RowName="""")","(RowName="""")","(RowName="""")","(RowName="""")","(RowName="""")","(RowName="""")","(RowName="""")","(RowName="""")","A1C4Q1:Task_GotoStronghold","False","0","True","True","False","True","False","9.000000","1.990000","False","True","False","True","False","False","","False","True","","(RowName=""Traps_Goblin"")","(RowName="""")","None","9.000000","1.990000","0.000000","1.000000","1.000000","3000.000000","(TagName=""Element.Fire"")","(TagName=""Region.GoblinIsle.GoblinForest"")","(GameplayTags=)","(GameplayTags=)","(GameplayTags=)","(Map=())","(GameplayTags=((TagName=""Theme.Generic""),(TagName=""Theme.GoblinForest""),(TagName=""Gadget.HarvestingNode.Metal.T1.GoblinIsle""),(TagName=""Gadget.HarvestingNode.Stone.T1.GoblinIsle""),(TagName=""Gadget.HarvestingNode.Wood.T1.GoblinIsle.GoblinForest""),(TagName=""Gadget.Shrine.Global""),(TagName=""Gadget.Shrine.Goblin""),(TagName=""MonsterSpawner.Quest.GF4""),(TagName=""MonsterSpawner.Encounter.GF4""),(TagName=""Gadget.Lore.MessageInABottle.2""),(TagName=""Gadget.Lore.GoblinGraffiti.GF4""),(TagName=""Gadget.Lore.EchoCrystal.GF4"")))","(GameplayTags=)","(Map=())","1.000000","None","None","None","(RowName=""Skill_Potion"")","(RowName="""")","(RowName="""")","(X=-20.000000,Y=20.000000)","True","False","True","True","False","False","(GameplayTags=)","(RowName="""")","(RowName="""")","(RowName="""")","(GameplayTags=)","0","(GameplayTags=)","0","(GameplayTags=((TagName=""Region.GoblinIsle.GoblinForest.GF4"")))","((GameplayTags=((TagName=""Region.GoblinIsle.GoblinForest""))))","(GameplayTags=)","((GameplayTags=((TagName=""Element.Fire""),(TagName=""Affix.Effect.Fire""))),(GameplayTags=((TagName=""Affix.Defense.Fire""))))","((GameplayTags=((TagName=""Character.Monster.Global""),(TagName=""Character.Monster.Spider.Fire.Melee""),(TagName=""Character.Monster.Spider.Fire.Ranged""),(TagName=""Character.Monster.Goblin.Stabby.Red""),(TagName=""Character.Monster.Goblin.Bomber.Red""),(TagName=""Character.Monster.Goblin.Brute.Red""))))","(GameplayTags=((TagName=""Region.GoblinIsle.GoblinForest"")))","0.500000","1.000000","False",""
GF4_Cave1_gc2,"NSLOCTEXT(""AreaTable"", ""CC5BD0094BC853E2B2D1B3BA2D1194A1"", ""The Kennel"")","NSLOCTEXT(""AreaTable"", ""56553C7E4AC26300E89091B73DA81811"", ""Deadly Depths"")","Map_GoblinCaveName","GFO4","Progressive","/Game/Environments/Levels/Goblinland/rules/GF4_Cave1/Area_GF4_Cave1_gc2.Area_GF4_Cave1_gc2_C","3.000000","(RowName=""GoblinForest4"")","(RowName="""")","(RowName="""")","(RowName="""")","(RowName="""")","(RowName="""")","(RowName="""")","(RowName="""")","(RowName="""")","(RowName="""")","(RowName="""")","(RowName="""")","(RowName="""")","(RowName="""")","(RowName="""")","(RowName="""")","(RowName="""")","(RowName="""")","(RowName="""")","A1C4Q1:Task_GotoKennel","False","0","False","False","False","True","False","9.000000","0.990000","False","True","False","False","False","False","((RowName=""GoblinRider_Story_Boss""))","False","False","","(RowName=""Traps_Goblin"")","(RowName="""")","None","9.000000","0.990000","0.000000","1.000000","1.000000","3000.000000","(TagName=""Element.Fire"")","(TagName=""Region.GoblinIsle.GoblinForest"")","(GameplayTags=)","(GameplayTags=)","(GameplayTags=)","(Map=())","(GameplayTags=((TagName=""Theme.Generic""),(TagName=""Theme.GoblinForest""),(TagName=""Gadget.HarvestingNode.Metal.T1.GoblinIsle""),(TagName=""Gadget.HarvestingNode.Stone.T1.GoblinIsle""),(TagName=""Gadget.Shrine.Global""),(TagName=""Gadget.Shrine.Goblin""),(TagName=""Theme.Netherim""),(TagName=""Breakable.Quest.Stockpile""),(TagName=""Gadget.PetCage.MedChance""),(TagName=""Gadget.Lore.GoblinGraffiti.GF4_Cave1_GC2""),(TagName=""Gadget.Lore.EchoCrystal.GF4_Cave1_GC2"")))","(GameplayTags=)","(Map=())","1.000000","None","None","None","(RowName=""Skill_Potion"")","(RowName="""")","(RowName="""")","(X=-20.000000,Y=20.000000)","True","False","True","True","False","False","(GameplayTags=)","(RowName="""")","(RowName="""")","(RowName="""")","(GameplayTags=)","0","(GameplayTags=)","0","(GameplayTags=)","((GameplayTags=((TagName=""Region.GoblinIsle.GoblinForest""))))","(GameplayTags=)","((GameplayTags=((TagName=""Element.Fire""),(TagName=""Affix.Effect.Fire""))),(GameplayTags=((TagName=""Affix.Defense.Fire""))))","((GameplayTags=((TagName=""Character.Monster.Global""),(TagName=""Character.Monster.Goblin.Hounds.RiderBeast""),(TagName=""Character.Monster.Goblin.Miner.Red""),(TagName=""Character.Monster.Goblin.Gunner.Normal.Red""),(TagName=""Character.Monster.Goblin.Chanter.Normal.Red""))))","(GameplayTags=((TagName=""Region.GoblinIsle.GoblinForest"")))","1.000000","1.000000","False",""
GF4_Cave2_gc1,"NSLOCTEXT(""AreaTable"", ""C682B5C447A65C2A1DC28A84FE1E3B90"", ""Mossrat Den"")","NSLOCTEXT(""AreaTable"", ""7C22FF06427F186FA3E07382A7F60797"", ""Upper Crypt"")","Map_GoblinCaveName","GFO4","Progressive","/Game/Environments/Levels/Goblinland/rules/GF4_Cave2/Area_GF4_Cave2_gc1.Area_GF4_Cave2_gc1_C","2.000000","(RowName=""GoblinForest4"")","(RowName="""")","(RowName="""")","(RowName="""")","(RowName="""")","(RowName="""")","(RowName="""")","(RowName="""")","(RowName="""")","(RowName="""")","(RowName="""")","(RowName="""")","(RowName="""")","(RowName="""")","(RowName="""")","(RowName="""")","(RowName="""")","(RowName="""")","(RowName="""")","A1C4Q1:Task_GotoMossratDen","False","0","False","False","False","True","False","10.000000","0.990000","False","True","False","False","False","False","((RowName=""Mossrat_Story_Boss""))","True","True","","(RowName=""Traps_Goblin"")","(RowName="""")","None","10.000000","0.990000","0.000000","1.000000","1.000000","3000.000000","(TagName=""Element.Physical"")","(TagName=""Region.GoblinIsle.GoblinForest"")","(GameplayTags=)","(GameplayTags=)","(GameplayTags=)","(Map=())","(GameplayTags=((TagName=""Theme.Generic""),(TagName=""MonsterSpawner.Quest.GF4_Forest1""),(TagName=""Theme.GoblinForest""),(TagName=""Gadget.HarvestingNode.Metal.T1.GoblinIsle""),(TagName=""Gadget.HarvestingNode.Stone.T1.GoblinIsle""),(TagName=""Gadget.HarvestingNode.Wood.T1.GoblinIsle.GoblinForest""),(TagName=""Gadget.Shrine.Global""),(TagName=""Gadget.Shrine.Goblin""),(TagName=""Gadget.Lore.EchoCrystal.GF4_Cave2_GC1"")))","(GameplayTags=)","(Map=())","1.000000","None","None","None","(RowName=""Skill_Potion"")","(RowName="""")","(RowName="""")","(X=-20.000000,Y=20.000000)","True","False","True","True","False","False","(GameplayTags=)","(RowName="""")","(RowName="""")","(RowName="""")","(GameplayTags=)","0","(GameplayTags=((TagName=""MapWorks.Dungeon.Goblin"")))","1","(GameplayTags=)","((GameplayTags=((TagName=""Region.GoblinIsle.GoblinForest""))))","(GameplayTags=)","((GameplayTags=((TagName=""Element.Physical""),(TagName=""Affix.Effect.Physical""))),(GameplayTags=((TagName=""Affix.Defense.Physical""))))","((GameplayTags=((TagName=""Character.Monster.Global""),(TagName=""Character.Monster.Rat.Normal""),(TagName=""Character.Monster.Rat.Large""))))","(GameplayTags=((TagName=""Region.GoblinIsle.GoblinForest"")))","0.750000","1.000000","False",""
GF4_Forest1,"NSLOCTEXT(""AreaTable"", ""99C7895245B37B41531EE1BE52D44DAD"", ""Watcher\'s Thicket"")","NSLOCTEXT(""AreaTable"", ""6A1657944D5DFCEDFEE057A7E3D17940"", ""The Thick"")","Map_GoblinCaveName","GFO4","Progressive","/Game/Environments/Levels/Goblinland/rules/GF4_Forest1/Area_GF4_Forest1.Area_GF4_Forest1_C","2.000000","(RowName=""GoblinForest4"")","(RowName=""GF4_Forest1a_boss"")","(RowName="""")","(RowName="""")","(RowName="""")","(RowName="""")","(RowName="""")","(RowName="""")","(RowName="""")","(RowName="""")","(RowName="""")","(RowName="""")","(RowName="""")","(RowName="""")","(RowName="""")","(RowName="""")","(RowName="""")","(RowName="""")","(RowName="""")","A1C4Q1:Task_GotoThicket","False","0","False","True","False","True","False","10.000000","0.990000","False","True","False","False","False","False","","False","False","","(RowName=""Traps_Goblin"")","(RowName="""")","None","11.000000","0.990000","0.000000","1.000000","1.000000","3000.000000","(TagName=""Element.Fire"")","(TagName=""Region.GoblinIsle.GoblinForest"")","(GameplayTags=)","(GameplayTags=)","(GameplayTags=)","(Map=())","(GameplayTags=((TagName=""Theme.Generic""),(TagName=""Theme.GoblinForest""),(TagName=""Gadget.HarvestingNode.Metal.T1.GoblinIsle""),(TagName=""Gadget.Shrine.Global""),(TagName=""Gadget.Shrine.Goblin""),(TagName=""Gadget.HarvestingNode.Stone.T1.GoblinIsle""),(TagName=""Gadget.Lore.EchoCrystal.GF4_Forest1"")))","(GameplayTags=)","(Map=())","1.000000","None","None","None","(RowName=""Skill_Potion"")","(RowName="""")","(RowName="""")","(X=-20.000000,Y=20.000000)","True","False","True","True","False","False","(GameplayTags=)","(RowName="""")","(RowName="""")","(RowName="""")","(GameplayTags=)","0","(GameplayTags=)","0","(GameplayTags=)","((GameplayTags=((TagName=""Region.GoblinIsle.GoblinForest""))))","(GameplayTags=)","((GameplayTags=((TagName=""Element.Fire""),(TagName=""Affix.Effect.Fire""))),(GameplayTags=((TagName=""Affix.Defense.Fire""))))","((GameplayTags=((TagName=""Character.Monster.Global""),(TagName=""Character.Monster.Spider.Physical.Melee""),(TagName=""Character.Monster.Spider.Physical.Ranged""),(TagName=""Character.Monster.ForestLurker.Normal""),(TagName=""Character.Monster.Goblin.Hounds.RiderBeast""))))","(GameplayTags=((TagName=""Region.GoblinIsle.GoblinForest"")))","1.000000","1.000000","False",""
GF4_Forest1a_boss,"NSLOCTEXT(""AreaTable"", ""CCF6D15D4B93D596EF5257A638A71241"", ""Thorned Ingress"")","NSLOCTEXT(""AreaTable"", ""DECF42EF4EB7E803BE8CD98E66DF56BF"", ""Thornstrider\'s Lair"")","Map_GoblinForestName","GFO4None","Progressive","/Game/Environments/Levels/Goblinland/rules/GF4_Forest1_boss/Area_GF4_Forest1_boss.Area_GF4_Forest1_boss_C","1.000000","(RowName=""GF4_Forest1"")","(RowName="""")","(RowName="""")","(RowName="""")","(RowName="""")","(RowName="""")","(RowName="""")","(RowName="""")","(RowName="""")","(RowName="""")","(RowName="""")","(RowName="""")","(RowName="""")","(RowName="""")","(RowName="""")","(RowName="""")","(RowName="""")","(RowName="""")","(RowName="""")","A1C4Q1:Task_KillBossThornStrider","False","0","False","True","True","False","False","11.000000","0.000000","False","True","False","False","False","False","((RowName=""StriderThorned_Story_Boss""))","False","False","","(RowName=""Traps_Goblin"")","(RowName="""")","None","12.000000","0.990000","0.000000","1.000000","1.000000","3000.000000","(TagName=""Element.Fire"")","(TagName=""Region.GoblinIsle.GoblinForest"")","(GameplayTags=)","(GameplayTags=)","(GameplayTags=)","(Map=())","(GameplayTags=((TagName=""Theme.Generic""),(TagName=""Theme.GoblinForest""),(TagName=""Gadget.HarvestingNode.Metal.T1.GoblinIsle""),(TagName=""Gadget.HarvestingNode.Stone.T1.GoblinIsle""),(TagName=""Gadget.Shrine.Global""),(TagName=""Gadget.Shrine.Goblin""),(TagName=""Gadget.PetCage.HighChance"")))","(GameplayTags=)","(Map=())","1.000000","None","None","None","(RowName="""")","(RowName="""")","(RowName="""")","(X=-10.000000,Y=10.000000)","True","False","False","True","False","False","(GameplayTags=((TagName=""Skill.Stuck"")))","(RowName="""")","(RowName="""")","(RowName="""")","(GameplayTags=)","0","(GameplayTags=((TagName=""MapWorks.Dungeon.Goblin"")))","0","(GameplayTags=)","","(GameplayTags=)","((GameplayTags=((TagName=""Element.Fire""),(TagName=""Affix.Effect.Fire""))),(GameplayTags=((TagName=""Affix.Defense.Fire""))))","((GameplayTags=((TagName=""Character.Monster.Global""),(TagName=""Character.Monster.Spider.Physical.Melee""),(TagName=""Character.Monster.Spider.Physical.Ranged""),(TagName=""Character.Monster.ForestLurker.Normal""),(TagName=""Character.Monster.Goblin.Hounds.RiderBeast""))))","(GameplayTags=((TagName=""Region.GoblinIsle.GoblinForest"")))","1.000000","1.000000","False",""
GF4-5pass,"NSLOCTEXT(""AreaTable"", ""B78E87254DFE1AC0AB6A77A8CD835677"", ""Lakeside Clearing"")","NSLOCTEXT(""AreaTable"", ""A17BB96540E72E8C7EDFBC89BECB925A"", ""Trampled Underbrush"")","None","GFO4_Pass","Open","/Game/Environments/Levels/Forts/rules/Goblinland/Area_gob_PlayerFort_GF4.Area_gob_PlayerFort_GF4_C","1.000000","(RowName=""GoblinForest4"")","(RowName=""GoblinForest5"")","(RowName="""")","(RowName="""")","(RowName="""")","(RowName="""")","(RowName="""")","(RowName="""")","(RowName="""")","(RowName="""")","(RowName="""")","(RowName="""")","(RowName="""")","(RowName="""")","(RowName="""")","(RowName="""")","(RowName="""")","(RowName="""")","(RowName="""")","None","False","1","True","True","False","True","False","11.000000","0.000000","False","True","False","False","False","False","","False","False","","(RowName=""Traps_Goblin"")","(RowName="""")","None","12.000000","0.000000","0.000000","1.000000","1.000000","3000.000000","(TagName=""Element.Fire"")","(TagName=""Region.GoblinIsle.GoblinForest"")","(GameplayTags=)","(GameplayTags=)","(GameplayTags=)","(Map=())","(GameplayTags=((TagName=""Theme.Generic"")))","(GameplayTags=)","(Map=())","1.000000","None","None","None","(RowName=""Skill_Potion"")","(RowName="""")","(RowName="""")","(X=-20.000000,Y=20.000000)","True","False","True","True","False","False","(GameplayTags=)","(RowName="""")","(RowName="""")","(RowName="""")","(GameplayTags=)","0","(GameplayTags=)","0","(GameplayTags=)","((GameplayTags=((TagName=""Region.GoblinIsle.GoblinForest""))))","(GameplayTags=)","((GameplayTags=((TagName=""Element.Fire""),(TagName=""Affix.Effect.Fire""))),(GameplayTags=((TagName=""Affix.Defense.Fire""))))","","(GameplayTags=((TagName=""Region.GoblinIsle.GoblinForest"")))","1.000000","1.000000","False",""
GoblinForest5,"NSLOCTEXT(""AreaTable"", ""319F25F8417B0A5E49496E8E3051899B"", ""Lake Gobdunk"")","NSLOCTEXT(""AreaTable"", ""206D5CAB49D1078FC1094184A9743C64"", ""Peaceful Pier"")","Map_GoblinForestName","GFO5","Progressive","/Game/Environments/Levels/Goblinland/rules/GoblinForest6/Area_GoblinForest6.Area_GoblinForest6_C","2.000000","(RowName=""GoblinForest4"")","(RowName="""")","(RowName=""GF5_Forest1"")","(RowName=""GF5_Forest2"")","(RowName=""GF5_Cave1_gc5"")","(RowName="""")","(RowName="""")","(RowName="""")","(RowName="""")","(RowName="""")","(RowName="""")","(RowName="""")","(RowName="""")","(RowName="""")","(RowName="""")","(RowName="""")","(RowName="""")","(RowName="""")","(RowName="""")","A1C5Q1:Task_GotoLake","False","0","True","True","False","True","False","11.000000","3.990000","False","True","False","True","False","False","","False","True","","(RowName=""Traps_Goblin"")","(RowName="""")","None","11.000000","3.990000","0.000000","1.000000","1.000000","3000.000000","(TagName=""Element.Fire"")","(TagName=""Region.GoblinIsle.GoblinForest"")","(GameplayTags=)","(GameplayTags=)","(GameplayTags=)","(Map=())","(GameplayTags=((TagName=""Theme.Generic""),(TagName=""Theme.Quest.YappersFishing""),(TagName=""Gadget.Quest.GoblinCauldron""),(TagName=""Theme.GoblinForest""),(TagName=""Gadget.HarvestingNode.Metal.T1.GoblinIsle""),(TagName=""Gadget.HarvestingNode.Stone.T1.GoblinIsle""),(TagName=""Gadget.HarvestingNode.Wood.T1.GoblinIsle.GoblinForest""),(TagName=""Gadget.Shrine.Global""),(TagName=""Gadget.Shrine.Goblin""),(TagName=""MonsterSpawner.Encounter.GF5""),(TagName=""Gadget.Lore.MessageInABottle.3""),(TagName=""Gadget.Lore.GoblinGraffiti.GF5"")))","(GameplayTags=)","(Map=())","1.000000","None","None","None","(RowName=""Skill_Potion"")","(RowName="""")","(RowName="""")","(X=-20.000000,Y=20.000000)","True","False","True","True","False","False","(GameplayTags=)","(RowName="""")","(RowName="""")","(RowName="""")","(GameplayTags=)","0","(GameplayTags=)","0","(GameplayTags=((TagName=""Region.GoblinIsle.GoblinForest.GF5"")))","((GameplayTags=((TagName=""Region.GoblinIsle.GoblinForest""))))","(GameplayTags=)","((GameplayTags=((TagName=""Element.Fire""),(TagName=""Affix.Effect.Fire""))),(GameplayTags=((TagName=""Affix.Defense.Fire""))))","((GameplayTags=((TagName=""Character.Monster.Global""),(TagName=""Character.Monster.Goblin.Brute.Red""),(TagName=""Character.Monster.Goblin.Gunner.Normal.Red""),(TagName=""Character.Monster.Rat.Large""),(TagName=""Character.Monster.Goblin.Hounds.Rider.Red""))))","(GameplayTags=((TagName=""Region.GoblinIsle.GoblinForest"")))","1.000000","1.000000","False",""
GF5_Forest1,"NSLOCTEXT(""AreaTable"", ""658BFDAF46557EBBE7671AB49FF9E9E2"", ""Hidden Falls"")","NSLOCTEXT(""AreaTable"", ""6821630E48BA5972FE719A8D9C782E9F"", ""Tranquil Falls"")","Map_GoblinForestName","GFO5","Progressive","/Game/Environments/Levels/Goblinland/rules/GF5_Forest1/Area_GF5_Forest1.Area_GF5_Forest1_C","1.000000","(RowName=""GoblinForest5"")","(RowName=""GF5_Forest1a_gc3"")","(RowName="""")","(RowName="""")","(RowName="""")","(RowName="""")","(RowName="""")","(RowName="""")","(RowName="""")","(RowName="""")","(RowName="""")","(RowName="""")","(RowName="""")","(RowName="""")","(RowName="""")","(RowName="""")","(RowName="""")","(RowName="""")","(RowName="""")","A1C5Q1:Task_GotoFalls","False","0","True","True","False","True","False","12.000000","0.990000","False","True","False","False","False","False","((RowName=""ShadowBeast_Story_Boss2""))","False","False","","(RowName=""Traps_Goblin"")","(RowName="""")","None","12.000000","0.990000","0.000000","1.000000","1.000000","3000.000000","(TagName=""Element.Fire"")","(TagName=""Region.GoblinIsle.GoblinForest"")","(GameplayTags=)","(GameplayTags=)","(GameplayTags=)","(Map=())","(GameplayTags=((TagName=""Theme.Generic""),(TagName=""Breakable.Quest.GoblinWarfare""),(TagName=""Theme.GoblinForest""),(TagName=""Gadget.HarvestingNode.Metal.T1.GoblinIsle""),(TagName=""Gadget.HarvestingNode.Stone.T1.GoblinIsle""),(TagName=""Gadget.HarvestingNode.Wood.T1.GoblinIsle.GoblinForest""),(TagName=""Gadget.Shrine.Global""),(TagName=""Gadget.Shrine.Goblin""),(TagName=""Gadget.PetCage.LowChance""),(TagName=""Gadget.Lore.GoblinGraffiti.GF5_Forest1""),(TagName=""Gadget.Lore.EchoCrystal.GF5_Forest1"")))","(GameplayTags=)","(Map=())","1.000000","None","None","None","(RowName=""Skill_Potion"")","(RowName="""")","(RowName="""")","(X=-20.000000,Y=20.000000)","True","False","True","True","False","False","(GameplayTags=)","(RowName="""")","(RowName="""")","(RowName="""")","(GameplayTags=)","0","(GameplayTags=)","0","(GameplayTags=)","((GameplayTags=((TagName=""Region.GoblinIsle.GoblinForest""))))","(GameplayTags=)","((GameplayTags=((TagName=""Element.Fire""),(TagName=""Affix.Effect.Fire""))),(GameplayTags=((TagName=""Affix.Defense.Fire""))))","((GameplayTags=((TagName=""Character.Monster.Global""),(TagName=""Character.Monster.Netherim.Netherling""),(TagName=""Character.Monster.Goblin.Lumberjack.Red""),(TagName=""Character.Monster.Goblin.Chanter.Normal.Red""),(TagName=""Character.Monster.Goblin.Engineer.Red""),(TagName=""Character.Monster.Goblin.Gunner.Normal.Red""))))","(GameplayTags=((TagName=""Region.GoblinIsle.GoblinForest"")))","0.750000","1.000000","False",""
GF5_Forest1a_gc3,"NSLOCTEXT(""AreaTable"", ""9AAC771D40FCAB0A38BB88851C16A597"", ""Guarded Path"")","NSLOCTEXT(""AreaTable"", ""7DA3C6814D72AAB90B654EA2AE5ED6D5"", ""Not so Guarded"")","Map_GoblinForestName","GFO5","Progressive","/Game/Environments/Levels/Goblinland/rules/GF5_Forest1a/Area_GF5_Forest1a_gc3.Area_GF5_Forest1a_gc3_C","2.000000","(RowName=""GF5_Forest1"")","(RowName=""GF5_Forest1b_boss_gc3"")","(RowName="""")","(RowName="""")","(RowName="""")","(RowName="""")","(RowName="""")","(RowName="""")","(RowName="""")","(RowName="""")","(RowName="""")","(RowName="""")","(RowName="""")","(RowName="""")","(RowName="""")","(RowName="""")","(RowName="""")","(RowName="""")","(RowName="""")","A1C5Q1:Task_GotoPass","False","0","False","False","False","True","False","13.000000","0.990000","False","True","False","False","False","False","","False","False","","(RowName=""Traps_Goblin"")","(RowName="""")","None","13.000000","0.990000","0.000000","1.000000","1.000000","3000.000000","(TagName=""Element.Fire"")","(TagName=""Region.GoblinIsle.GoblinForest"")","(GameplayTags=)","(GameplayTags=)","(GameplayTags=)","(Map=())","(GameplayTags=((TagName=""Gadget.Quest.NetherimPylon""),(TagName=""Theme.Generic""),(TagName=""Theme.GoblinForest""),(TagName=""Gadget.Shrine.Global""),(TagName=""Gadget.Shrine.Goblin""),(TagName=""Gadget.HarvestingNode.Metal.T1.GoblinIsle""),(TagName=""Gadget.HarvestingNode.Stone.T1.GoblinIsle""),(TagName=""Gadget.HarvestingNode.Wood.T1.GoblinIsle.GoblinForest""),(TagName=""Gadget.Waypoint""),(TagName=""Gadget.Lore.GoblinGraffiti.GF5_Forest1A_GC3""),(TagName=""Gadget.Lore.EchoCrystal.GF5_Forest1a_GC3"")))","(GameplayTags=)","(Map=())","1.000000","None","None","None","(RowName=""Skill_Potion"")","(RowName="""")","(RowName="""")","(X=-20.000000,Y=20.000000)","True","False","True","True","False","False","(GameplayTags=)","(RowName="""")","(RowName="""")","(RowName="""")","(GameplayTags=)","0","(GameplayTags=)","0","(GameplayTags=)","((GameplayTags=((TagName=""Region.GoblinIsle.GoblinForest""))))","(GameplayTags=)","((GameplayTags=((TagName=""Element.Fire""),(TagName=""Affix.Effect.Fire""))),(GameplayTags=((TagName=""Affix.Defense.Fire""))))","((GameplayTags=((TagName=""Character.Monster.Global""),(TagName=""Character.Monster.Netherim.Netherling""),(TagName=""Character.Monster.Goblin.Bomber.Red""),(TagName=""Character.Monster.Goblin.Miner.Red""),(TagName=""Character.Monster.Goblin.Brute.Red""))))","(GameplayTags=((TagName=""Region.GoblinIsle.GoblinForest"")))","1.000000","1.000000","False",""
GF5_Forest1b_boss_gc3,"NSLOCTEXT(""AreaTable"", ""34D753FE462C5314B9E84C865BBF41D0"", ""Belly of the Beast"")","NSLOCTEXT(""AreaTable"", ""91445922495939067C63BD9E202D1195"", ""Intestinal Beast"")","Map_GoblinForestName","GFO5","Progressive","/Game/Environments/Levels/Goblinland/rules/GF5_Forest1b_boss/Area_GF5_Forestb_boss_gc3.Area_GF5_Forestb_boss_gc3_C","1.000000","(RowName=""GF5_Forest1a_gc3"")","(RowName="""")","(RowName="""")","(RowName="""")","(RowName="""")","(RowName="""")","(RowName="""")","(RowName="""")","(RowName="""")","(RowName="""")","(RowName="""")","(RowName="""")","(RowName="""")","(RowName="""")","(RowName="""")","(RowName="""")","(RowName="""")","(RowName="""")","(RowName="""")","A1C5Q1:Task_GotoBoss","False","0","True","True","True","False","False","14.000000","0.000000","False","True","False","False","False","False","((RowName=""VarkeninBrute_Story_Boss""))","False","False","","(RowName=""Traps_Goblin"")","(RowName="""")","None","14.000000","0.000000","0.000000","1.000000","1.000000","3000.000000","(TagName=""Element.Fire"")","(TagName=""Region.GoblinIsle.GoblinForest"")","(GameplayTags=)","(GameplayTags=)","(GameplayTags=)","(Map=())","(GameplayTags=((TagName=""Theme.Generic""),(TagName=""Theme.GoblinForest""),(TagName=""Gadget.Shrine.Global""),(TagName=""Gadget.Shrine.Goblin""),(TagName=""Gadget.PetCage.HighChance""),(TagName=""Gadget.HarvestingNode.Metal.T1.GoblinIsle""),(TagName=""Gadget.HarvestingNode.Stone.T1.GoblinIsle""),(TagName=""Gadget.HarvestingNode.Wood.T1.GoblinIsle.GoblinForest""),(TagName=""MonsterSpawner.BossFight""),(TagName=""Gadget.Lore.GoblinGraffiti"")))","(GameplayTags=)","(Map=())","1.000000","None","None","None","(RowName=""Skill_Potion"")","(RowName="""")","(RowName="""")","(X=-20.000000,Y=20.000000)","True","False","False","True","False","False","(GameplayTags=((TagName=""Skill.Stuck"")))","(RowName="""")","(RowName="""")","(RowName="""")","(GameplayTags=)","0","(GameplayTags=)","0","(GameplayTags=)","((GameplayTags=((TagName=""Region.GoblinIsle.GoblinForest""))))","(GameplayTags=)","((GameplayTags=((TagName=""Element.Fire""),(TagName=""Affix.Effect.Fire""))),(GameplayTags=((TagName=""Affix.Defense.Fire""))))","((GameplayTags=((TagName=""Character.Monster.Global""),(TagName=""Character.Monster.Netherim.Netherling""),(TagName=""Character.Monster.Goblin.Bomber.Caves""),(TagName=""Character.Monster.Goblin.Miner.Caves""),(TagName=""Character.Monster.Goblin.Brute.Caves""),(TagName=""Character.Monster.Prop.StrongtuskPylon""))))","(GameplayTags=((TagName=""Region.GoblinIsle.GoblinForest"")))","1.000000","1.000000","False",""
GF5_Forest2,"NSLOCTEXT(""AreaTable"", ""E1227E814E90E14BEB15D092434774A2"", ""Witching Grounds"")","NSLOCTEXT(""AreaTable"", ""D727DBB1459EB111CCB13299E2609566"", ""Restless Graveyard"")","Map_CemeteryName","GFO5","Progressive","/Game/Environments/Levels/Goblinland/rules/GF5_Forest2/Area_GF5_Forest2.Area_GF5_Forest2_C","3.000000","(RowName=""GoblinForest5"")","(RowName="""")","(RowName="""")","(RowName="""")","(RowName="""")","(RowName="""")","(RowName="""")","(RowName="""")","(RowName="""")","(RowName="""")","(RowName="""")","(RowName="""")","(RowName="""")","(RowName="""")","(RowName="""")","(RowName="""")","(RowName="""")","(RowName="""")","(RowName="""")","A1C5Q2:Task_GotoGrounds","False","0","True","True","False","True","False","14.000000","0.990000","False","True","False","False","False","False","((RowName=""Witch_Story_Boss""))","False","False","","(RowName=""Traps_Goblin"")","(RowName="""")","None","14.000000","0.990000","0.000000","1.000000","1.000000","3000.000000","(TagName=""Element.Fire"")","(TagName=""Region.GoblinIsle.GoblinForest"")","(GameplayTags=)","(GameplayTags=)","(GameplayTags=)","(Map=())","(GameplayTags=((TagName=""Theme.Generic""),(TagName=""Theme.Graveyard""),(TagName=""Gadget.HarvestingNode.Metal.T1.GoblinIsle""),(TagName=""Gadget.HarvestingNode.Stone.T1.GoblinIsle""),(TagName=""Gadget.HarvestingNode.Wood.T1.GoblinIsle.GoblinForest""),(TagName=""Gadget.Shrine.Global""),(TagName=""Gadget.Shrine.Goblin""),(TagName=""Gadget.PetCage.MedChance""),(TagName=""Gadget.Lore.WitchJournal""),(TagName=""Gadget.Lore.EchoCrystal.GF5_Forest2"")))","(GameplayTags=)","(Map=(((TagName=""Affix.LifeBound""), 0.200000)))","1.000000","None","None","None","(RowName=""Skill_Potion"")","(RowName="""")","(RowName="""")","(X=-20.000000,Y=20.000000)","True","False","True","True","False","False","(GameplayTags=)","(RowName="""")","(RowName="""")","(RowName="""")","(GameplayTags=)","0","(GameplayTags=)","0","(GameplayTags=)","((GameplayTags=((TagName=""Region.GoblinIsle.GoblinForest""))))","(GameplayTags=)","((GameplayTags=((TagName=""Element.Fire""),(TagName=""Affix.Effect.Fire""))),(GameplayTags=((TagName=""Affix.Defense.Fire""))))","((GameplayTags=((TagName=""Character.Monster.Global""),(TagName=""Character.Monster.Skeleton.Ranged.Fire""),(TagName=""Character.Monster.Skeleton.Shield.Fire""),(TagName=""Character.Monster.Skeleton.Shield.Physical""),(TagName=""Character.Monster.Netherim.Warrior""))))","(GameplayTags=((TagName=""Region.GoblinIsle.GoblinForest"")))","0.750000","1.000000","False",""
GF5_Cave1_gc5,"NSLOCTEXT(""AreaTable"", ""4B15FD2F45025107FDA5119345DFA026"", ""The Shattered Void"")","NSLOCTEXT(""AreaTable"", ""A0674FD744C9B307E46CBD95D196AC06"", ""Dreadful Pits"")","Map_GoblinCaveName","GFO5","Progressive","/Game/Environments/Levels/Goblinland/rules/GF5_Cave1/Area_GF5_Cave1_gc1.Area_GF5_Cave1_gc1_C","3.000000","(RowName=""GoblinForest5"")","(RowName=""GF5_Cave1a_boss_gc1"")","(RowName="""")","(RowName="""")","(RowName="""")","(RowName="""")","(RowName="""")","(RowName="""")","(RowName="""")","(RowName="""")","(RowName="""")","(RowName="""")","(RowName="""")","(RowName="""")","(RowName="""")","(RowName="""")","(RowName="""")","(RowName="""")","(RowName="""")","A1C5Q3:Task_GotoVoid","False","0","False","False","False","True","False","15.000000","0.990000","False","True","False","False","False","False","","False","False","","(RowName=""Traps_Goblin"")","(RowName="""")","None","15.000000","0.990000","0.000000","1.000000","1.000000","3000.000000","(TagName=""Element.Fire"")","(TagName=""Region.GoblinIsle.GoblinForest"")","(GameplayTags=)","(GameplayTags=)","(GameplayTags=)","(Map=())","(GameplayTags=((TagName=""Theme.Generic""),(TagName=""Gadget.Quest.Mushrooms""),(TagName=""Theme.GoblinForest""),(TagName=""Gadget.HarvestingNode.Metal.T1.GoblinIsle""),(TagName=""Gadget.HarvestingNode.Stone.T1.GoblinIsle""),(TagName=""Gadget.Shrine.Global""),(TagName=""Gadget.Shrine.Goblin""),(TagName=""Gadget.Lore.EchoCrystal.GF5_Cave1_GC5"")))","(GameplayTags=)","(Map=())","1.000000","None","None","None","(RowName=""Skill_Potion"")","(RowName="""")","(RowName="""")","(X=-20.000000,Y=20.000000)","True","False","True","True","False","False","(GameplayTags=)","(RowName="""")","(RowName="""")","(RowName="""")","(GameplayTags=)","0","(GameplayTags=)","0","(GameplayTags=)","((GameplayTags=((TagName=""Region.GoblinIsle.GoblinForest""))))","(GameplayTags=)","((GameplayTags=((TagName=""Element.Fire""),(TagName=""Affix.Effect.Fire""))),(GameplayTags=((TagName=""Affix.Defense.Fire""))))","((GameplayTags=((TagName=""Character.Monster.Global""),(TagName=""Character.Monster.Netherim.Warrior""),(TagName=""Character.Monster.Netherim.Netherling""),(TagName=""Character.Monster.Netherim.Spellslinger""))))","(GameplayTags=((TagName=""Region.GoblinIsle.GoblinForest"")))","1.000000","1.000000","False",""
GF5_Cave1a_boss_gc1,"NSLOCTEXT(""AreaTable"", ""EA024F4E4B87E7510468BE91A5645621"", ""Trial of Strength"")","NSLOCTEXT(""AreaTable"", ""94F4D0ED4C81FCFE55F204BB3B465C54"", ""Dreadful Pitfall"")","Map_GoblinCaveName","GFO5","Progressive","/Game/Environments/Levels/Goblinland/rules/GF5_Cave1a_boss/Area_GF5_Cave1a_boss_gc5.Area_GF5_Cave1a_boss_gc5_C","1.000000","(RowName=""GF5_Cave1_gc5"")","(RowName="""")","(RowName="""")","(RowName="""")","(RowName="""")","(RowName="""")","(RowName="""")","(RowName="""")","(RowName="""")","(RowName="""")","(RowName="""")","(RowName="""")","(RowName="""")","(RowName="""")","(RowName="""")","(RowName="""")","(RowName="""")","(RowName="""")","(RowName="""")","A1C5Q3:Task_GotoTrialStrength","False","0","False","False","False","False","False","16.000000","0.000000","False","False","False","False","False","False","((RowName=""Brall""))","False","False","","(RowName=""Traps_Goblin"")","(RowName="""")","None","16.000000","0.000000","0.000000","1.000000","3.000000","3000.000000","(TagName=""Element.Fire"")","(TagName=""Region.GoblinIsle.GoblinForest"")","(GameplayTags=)","(GameplayTags=)","(GameplayTags=)","(Map=())","(GameplayTags=((TagName=""Theme.Generic""),(TagName=""Gadget.HarvestingNode.Metal.T1.GoblinIsle""),(TagName=""Gadget.HarvestingNode.Stone.T1.GoblinIsle""),(TagName=""Theme.Mine""),(TagName=""Gadget.Quest.NetherimCrystal""),(TagName=""Gadget.PetCage.HighChance"")))","(GameplayTags=)","(Map=())","1.000000","None","None","None","(RowName=""Skill_Potion"")","(RowName="""")","(RowName="""")","(X=-20.000000,Y=20.000000)","True","False","False","True","False","False","(GameplayTags=((TagName=""Skill.Stuck"")))","(RowName="""")","(RowName="""")","(RowName="""")","(GameplayTags=)","0","(GameplayTags=)","0","(GameplayTags=)","((GameplayTags=((TagName=""Region.GoblinIsle.GoblinForest""))))","(GameplayTags=)","((GameplayTags=((TagName=""Element.Fire""),(TagName=""Affix.Effect.Fire""))),(GameplayTags=((TagName=""Affix.Defense.Fire""))))","((GameplayTags=((TagName=""Character.Monster.Netherim.Spellbreaker""),(TagName=""Character.Monster.Global""),(TagName=""Character.Monster.Netherim.Warrior""),(TagName=""Character.Monster.Netherim.Netherling""))))","(GameplayTags=((TagName=""Region.GoblinIsle.GoblinForest"")))","1.000000","1.000000","False",""
InfestedForest0_Town,"NSLOCTEXT(""AreaTable"", ""093E0C55420EFD79D5E18E8E70467A9F"", ""McTyre\'s Cove"")","NSLOCTEXT(""AreaTable"", ""4260966F403BFBD55721958DF34BF409"", ""McTyre\'s Cove"")","None","InfestedForest0_Town","Town","/Game/Environments/Levels/Hyvid/rules/Hyvid0_Town/Area_Hyvid0_Town.Area_Hyvid0_Town_C","1.000000","(RowName=""ImperialOutpost"")","(RowName=""InfestedForest1"")","(RowName=""EchonokMountains0_Town"")","(RowName="""")","(RowName="""")","(RowName="""")","(RowName="""")","(RowName="""")","(RowName="""")","(RowName="""")","(RowName="""")","(RowName="""")","(RowName="""")","(RowName="""")","(RowName="""")","(RowName="""")","(RowName="""")","(RowName="""")","(RowName="""")","A2C1Q0:Task_GotoTown","False","0","True","True","False","True","False","16.000000","0.000000","False","True","False","True","False","False","","False","False","","(RowName="""")","(RowName="""")","None","16.000000","0.000000","0.000000","1.000000","1.000000","3000.000000","(TagName=""Element.Poison"")","(TagName=""Region.GoblinIsle.InfestedForest"")","(GameplayTags=)","(GameplayTags=)","(GameplayTags=)","(Map=())","(GameplayTags=((TagName=""Character.NPC.QuestGiver.Zephoras""),(TagName=""Character.NPC.QuestGiver.Gwinna""),(TagName=""Character.NPC.QuestGiver.SwampSeer""),(TagName=""Character.NPC.QuestGiver.Wolfram""),(TagName=""Character.NPC.QuestGiver.LtHix.Act2""),(TagName=""Character.NPC.QuestGiver.Alpaca""),(TagName=""Character.NPC.QuestGiver.Kenik.Act2"")))","(GameplayTags=)","(Map=())","1.000000","None","None","None","(RowName="""")","(RowName="""")","(RowName="""")","(X=0.000000,Y=0.000000)","False","False","True","True","False","False","(GameplayTags=)","(RowName="""")","(RowName="""")","(RowName="""")","(GameplayTags=)","0","(GameplayTags=)","0","(GameplayTags=)","((GameplayTags=((TagName=""Region.GoblinIsle.InfestedForest""))),(GameplayTags=((TagName=""Item.Lore.Zephoras.1""))))","(GameplayTags=)","((GameplayTags=((TagName=""Element.Poison""),(TagName=""Affix.Effect.Poison""))),(GameplayTags=((TagName=""Affix.Defense.Poison""))))","","(GameplayTags=((TagName=""Region.GoblinIsle.InfestedForest"")))","1.000000","1.000000","False",""
InfestedForest1,"NSLOCTEXT(""AreaTable"", ""057B9CF74A2798F4E8A98EAD9FC45DB8"", ""Polluted Plateau"")","NSLOCTEXT(""AreaTable"", ""CDEC42B74847D983F107CA9C7FA8B667"", ""The Burrows"")","Map_InfestedForestName","GFinfested1","Progressive","/Game/Environments/Levels/Goblinland/rules/InfestedForest1/Area_InfestedForest1.Area_InfestedForest1_C","6.000000","(RowName=""InfestedForest0_Town"")","(RowName=""IF1-2pass"")","(RowName=""IF1_Caves1"")","(RowName=""IF1_Forest1"")","(RowName=""IF1_Caves2"")","(RowName="""")","(RowName="""")","(RowName="""")","(RowName="""")","(RowName="""")","(RowName="""")","(RowName="""")","(RowName="""")","(RowName="""")","(RowName="""")","(RowName="""")","(RowName="""")","(RowName="""")","(RowName="""")","A2C1Q1:Task_GotoPlateau","False","0","True","True","False","True","False","16.000000","2.990000","False","True","False","True","False","False","","False","True","","(RowName=""Traps_Hyvid"")","(RowName="""")","None","16.000000","2.990000","0.000000","1.000000","1.000000","3000.000000","(TagName=""Element.Poison"")","(TagName=""Region.GoblinIsle.InfestedForest"")","(GameplayTags=)","(GameplayTags=)","(GameplayTags=)","(Map=())","(GameplayTags=((TagName=""Theme.Generic""),(TagName=""Theme.Infested.Full""),(TagName=""Character.NPC.QuestGiver.IFResearcher""),(TagName=""Gadget.Shrine.Global""),(TagName=""Gadget.Shrine.Hyvid""),(TagName=""Gadget.HarvestingNode.Wood.T1.GoblinIsle.Infested""),(TagName=""Gadget.HarvestingNode.Stone.T1.GoblinIsle""),(TagName=""Gadget.HarvestingNode.Metal.T1.GoblinIsle""),(TagName=""MonsterSpawner.Encounter.IF1""),(TagName=""Gadget.Lore.SwampSeerSack""),(TagName=""Gadget.Lore.EchoCrystal.IF1"")))","(GameplayTags=)","(Map=())","1.000000","None","None","None","(RowName=""Skill_PoisonCurePotion"")","(RowName="""")","(RowName="""")","(X=-20.000000,Y=20.000000)","True","False","True","True","False","False","(GameplayTags=)","(RowName="""")","(RowName="""")","(RowName="""")","(GameplayTags=)","0","(GameplayTags=)","0","(GameplayTags=((TagName=""Region.GoblinIsle.InfestedForest.IF1"")))","((GameplayTags=((TagName=""Region.GoblinIsle.InfestedForest""))),(GameplayTags=((TagName=""Item.Lore.SwampSeer.1""))))","(GameplayTags=)","((GameplayTags=((TagName=""Element.Poison""),(TagName=""Affix.Effect.Poison""))),(GameplayTags=((TagName=""Affix.Defense.Poison""))))","((GameplayTags=((TagName=""Character.Monster.Vespid.Soldier.Newbie""),(TagName=""Character.Monster.Global""),(TagName=""Character.Monster.PhaseBeast""),(TagName=""Character.Monster.Zombie.Melee.Normal""),(TagName=""Character.Monster.Zombie.Ranged""),(TagName=""Character.Monster.Vespid.Larvae""))))","(GameplayTags=((TagName=""Region.GoblinIsle.InfestedForest"")))","0.750000","1.000000","False",""
IF1_Caves1,"NSLOCTEXT(""AreaTable"", ""0510D1DA4DD998F58E0743A04664CA14"", ""Hyvid Tunnels"")","NSLOCTEXT(""AreaTable"", ""7FB39FED4CC3B876B8A6C8ABE8050215"", ""Ember Grotto"")","Map_InfestedCaveName","GFinfested1","Progressive","/Game/Environments/Levels/Goblinland/rules/IF1_Caves1/Area_IF1_Caves1.Area_IF1_Caves1_C","1.000000","(RowName=""InfestedForest1"")","(RowName="""")","(RowName="""")","(RowName="""")","(RowName="""")","(RowName="""")","(RowName="""")","(RowName="""")","(RowName="""")","(RowName="""")","(RowName="""")","(RowName="""")","(RowName="""")","(RowName="""")","(RowName="""")","(RowName="""")","(RowName="""")","(RowName="""")","(RowName="""")","A2C1Q1:Task_GotoTunnels","False","0","False","False","False","True","False","16.000000","0.990000","False","True","False","False","False","False","((RowName=""VespidSoldier_Story_Boss""))","False","False","","(RowName=""Traps_Hyvid"")","(RowName="""")","None","16.000000","0.990000","0.000000","1.000000","1.000000","2500.000000","(TagName=""Element.Poison"")","(TagName=""Region.GoblinIsle.InfestedForest"")","(GameplayTags=)","(GameplayTags=)","(GameplayTags=)","(Map=())","(GameplayTags=((TagName=""Theme.Generic""),(TagName=""Theme.Mine""),(TagName=""Theme.Infested.Hive""),(TagName=""Theme.Infested.Full""),(TagName=""Gadget.HarvestingNode.Metal.T1.GoblinIsle""),(TagName=""Gadget.HarvestingNode.Stone.T1.GoblinIsle""),(TagName=""Gadget.Shrine.Global""),(TagName=""Gadget.Shrine.Hyvid""),(TagName=""Gadget.PetCage.LowChance""),(TagName=""Gadget.Lore.BugCorpse2""),(TagName=""Gadget.Lore.EchoCrystal.IF1_Caves1"")))","(GameplayTags=)","(Map=())","1.000000","None","None","None","(RowName=""Skill_PoisonCurePotion"")","(RowName="""")","(RowName="""")","(X=-20.000000,Y=20.000000)","True","False","True","True","False","False","(GameplayTags=)","(RowName="""")","(RowName="""")","(RowName="""")","(GameplayTags=)","0","(GameplayTags=((TagName=""MapWorks.Dungeon.Infested"")))","1","(GameplayTags=)","((GameplayTags=((TagName=""Region.GoblinIsle.InfestedForest""))),(GameplayTags=((TagName=""Item.Lore.Hyvid.1""),(TagName=""Item.Lore.Hyvid.2""))))","(GameplayTags=)","((GameplayTags=((TagName=""Element.Poison""),(TagName=""Affix.Effect.Poison""))),(GameplayTags=((TagName=""Affix.Defense.Poison""))))","((GameplayTags=((TagName=""Character.Monster.Vespid.Soldier.Newbie""),(TagName=""Character.Monster.Vespid.Larvae""),(TagName=""Character.Monster.Global""),(TagName=""Character.Monster.PhaseBeast""),(TagName=""Character.Monster.InfestedGoblin.Normal""),(TagName=""Character.Monster.Vespid.Guardian""),(TagName=""Character.Monster.InfestedGoblin.Cocoon""))))","(GameplayTags=((TagName=""Region.GoblinIsle.InfestedForest"")))","0.700000","0.700000","False",""
IF1_Forest1,"NSLOCTEXT(""AreaTable"", ""F20ED95946F25E79C7117ABDF0C3F221"", ""Corpsefire Crypt"")","NSLOCTEXT(""AreaTable"", ""C168597E425F563223C28596421C7BAA"", ""Sunken Forest"")","Map_CemeteryName","GFinfested1","Progressive","/Game/Environments/Levels/Goblinland/rules/IF1_Forest1/Area_IF1_Forest1.Area_IF1_Forest1_C","6.000000","(RowName=""InfestedForest1"")","(RowName="""")","(RowName="""")","(RowName="""")","(RowName="""")","(RowName="""")","(RowName="""")","(RowName="""")","(RowName="""")","(RowName="""")","(RowName="""")","(RowName="""")","(RowName="""")","(RowName="""")","(RowName="""")","(RowName="""")","(RowName="""")","(RowName="""")","(RowName="""")","A2C1Q1:Task_GotoCrypts","False","0","True","True","True","True","False","17.000000","0.990000","False","True","False","True","False","False","((RowName=""Witch_Story_Boss2""))","False","False","","(RowName=""Traps_Hyvid"")","(RowName="""")","None","17.000000","0.990000","0.000000","1.000000","1.000000","3000.000000","(TagName=""Element.Poison"")","(TagName=""Region.GoblinIsle.InfestedForest"")","(GameplayTags=)","(GameplayTags=)","(GameplayTags=)","(Map=())","(GameplayTags=((TagName=""Theme.Generic""),(TagName=""Theme.Infested.Full""),(TagName=""Gadget.HarvestingNode.Metal.T1.GoblinIsle""),(TagName=""Gadget.HarvestingNode.Stone.T1.GoblinIsle""),(TagName=""Gadget.HarvestingNode.Wood.T1.GoblinIsle.Infested""),(TagName=""Gadget.Shrine.Global""),(TagName=""Gadget.Shrine.Hyvid""),(TagName=""MonsterSpawner.Quest.IF1_Forest1""),(TagName=""Gadget.PetCage.MedChance""),(TagName=""Theme.Graveyard""),(TagName=""Gadget.Lore.BugCorpse2""),(TagName=""Gadget.Lore.EchoCrystal.IF1_Forest1"")))","(GameplayTags=)","(Map=())","1.000000","None","None","None","(RowName=""Skill_PoisonCurePotion"")","(RowName="""")","(RowName="""")","(X=-20.000000,Y=20.000000)","True","False","True","True","False","False","(GameplayTags=)","(RowName="""")","(RowName="""")","(RowName="""")","(GameplayTags=)","0","(GameplayTags=)","0","(GameplayTags=)","((GameplayTags=((TagName=""Region.GoblinIsle.InfestedForest""))),(GameplayTags=((TagName=""Item.Lore.Hyvid.3""),(TagName=""Item.Lore.Hyvid.4""))))","(GameplayTags=)","((GameplayTags=((TagName=""Element.Poison""),(TagName=""Affix.Effect.Poison""))),(GameplayTags=((TagName=""Affix.Defense.Poison""))))","((GameplayTags=((TagName=""Character.Monster.Global""),(TagName=""Character.Monster.PhaseBeast""),(TagName=""Character.Monster.Skeleton.Melee.Poison""),(TagName=""Character.Monster.Skeleton.Melee.Physical.Normal.Mimic""),(TagName=""Character.Monster.Skeleton.Ranged.Physical.Mimic""),(TagName=""Character.Monster.Skeleton.Ranged.Poison.Mimic""),(TagName=""Character.Monster.Gargoyle""))))","(GameplayTags=((TagName=""Region.GoblinIsle.InfestedForest"")))","0.750000","1.000000","False",""
IF1_Caves2,"NSLOCTEXT(""AreaTable"", ""4AE9EC0047A2F3F53A14DE9B7CED1E93"", ""Venomous Nest"")","NSLOCTEXT(""AreaTable"", ""271E5B1A45E8F6A603B0FB9166CB8C79"", ""Cave of Secrets"")","Map_InfestedCaveName","GFinfested1","Progressive","/Game/Environments/Levels/Goblinland/rules/IF1_Caves2/Area_IF1_Caves2.Area_IF1_Caves2_C","2.000000","(RowName=""InfestedForest1"")","(RowName="""")","(RowName="""")","(RowName="""")","(RowName="""")","(RowName="""")","(RowName="""")","(RowName="""")","(RowName="""")","(RowName="""")","(RowName="""")","(RowName="""")","(RowName="""")","(RowName="""")","(RowName="""")","(RowName="""")","(RowName="""")","(RowName="""")","(RowName="""")","A2C1Q2:Task_GotoNest","False","0","False","False","False","True","False","18.000000","0.990000","False","True","False","False","False","False","((RowName=""Spider_Poison_Story_Boss""))","False","False","","(RowName=""Traps_Hyvid"")","(RowName="""")","None","18.000000","0.990000","0.000000","1.000000","1.000000","2500.000000","(TagName=""Element.Poison"")","(TagName=""Region.GoblinIsle.InfestedForest"")","(GameplayTags=)","(GameplayTags=)","(GameplayTags=)","(Map=())","(GameplayTags=((TagName=""Theme.Generic""),(TagName=""Theme.Mine""),(TagName=""Theme.Infested.Hive""),(TagName=""Theme.Infested.Full""),(TagName=""Gadget.HarvestingNode.Metal.T1.GoblinIsle""),(TagName=""Gadget.HarvestingNode.Stone.T1.GoblinIsle""),(TagName=""Gadget.Shrine.Global""),(TagName=""Gadget.Shrine.Hyvid""),(TagName=""MonsterSpawner.Quest.IF1_Caves3""),(TagName=""Gadget.PetCage.LowChance""),(TagName=""Character.NPC.QuestGiver.Zephoras.Cocoon""),(TagName=""Gadget.Lore.LoreSkulls""),(TagName=""Gadget.Lore.EchoCrystal.IF1_Caves2"")))","(GameplayTags=)","(Map=())","1.000000","None","None","None","(RowName=""Skill_PoisonCurePotion"")","(RowName="""")","(RowName="""")","(X=-20.000000,Y=20.000000)","True","False","True","True","False","False","(GameplayTags=)","(RowName="""")","(RowName="""")","(RowName="""")","(GameplayTags=)","0","(GameplayTags=((TagName=""MapWorks.Dungeon.Infested"")))","1","(GameplayTags=)","((GameplayTags=((TagName=""Region.GoblinIsle.InfestedForest""))),(GameplayTags=((TagName=""Item.Lore.TorchlightHistory.3""))))","(GameplayTags=)","((GameplayTags=((TagName=""Element.Poison""),(TagName=""Affix.Effect.Poison""))),(GameplayTags=((TagName=""Affix.Defense.Poison""))))","((GameplayTags=((TagName=""Character.Monster.Global""),(TagName=""Character.Monster.PhaseBeast""),(TagName=""Character.Monster.Spider.Physical.Melee""),(TagName=""Character.Monster.Spider.Physical.Ranged""),(TagName=""Character.Monster.Spider.Poison.Melee""),(TagName=""Character.Monster.Spider.Poison.Ranged""),(TagName=""Character.Monster.ForestLurker.Normal""))))","(GameplayTags=((TagName=""Region.GoblinIsle.InfestedForest"")))","0.900000","0.900000","False",""
IF1-2pass,"NSLOCTEXT(""AreaTable"", ""38D7E86742CD2FD7A04566A9BD3FF94A"", ""Foetid Footpath"")","NSLOCTEXT(""AreaTable"", ""E4F939ED421FE34724960E91E3D8951B"", ""The Inbetween"")","None","GFinfested1","Open","/Game/Environments/Levels/Forts/rules/Infested/Area_if_PlayerFort_IF1-2pass.Area_if_PlayerFort_IF1-2pass_C","1.000000","(RowName=""InfestedForest1"")","(RowName=""InfestedForest2"")","(RowName="""")","(RowName="""")","(RowName="""")","(RowName="""")","(RowName="""")","(RowName="""")","(RowName="""")","(RowName="""")","(RowName="""")","(RowName="""")","(RowName="""")","(RowName="""")","(RowName="""")","(RowName="""")","(RowName="""")","(RowName="""")","(RowName="""")","None","False","1","True","True","False","True","False","19.000000","0.000000","False","True","False","False","False","False","","False","False","","(RowName=""Traps_Hyvid"")","(RowName="""")","None","19.000000","0.000000","0.000000","1.000000","1.000000","3000.000000","(TagName=""Element.Poison"")","(TagName=""Region.GoblinIsle.InfestedForest"")","(GameplayTags=)","(GameplayTags=)","(GameplayTags=)","(Map=())","(GameplayTags=)","(GameplayTags=)","(Map=())","1.000000","None","None","None","(RowName="""")","(RowName="""")","(RowName="""")","(X=0.000000,Y=0.000000)","True","False","True","True","False","False","(GameplayTags=)","(RowName="""")","(RowName="""")","(RowName="""")","(GameplayTags=)","0","(GameplayTags=)","0","(GameplayTags=)","((GameplayTags=((TagName=""Region.GoblinIsle.InfestedForest""))))","(GameplayTags=)","((GameplayTags=((TagName=""Element.Poison""),(TagName=""Affix.Effect.Poison""))),(GameplayTags=((TagName=""Affix.Defense.Poison""))))","","(GameplayTags=((TagName=""Region.GoblinIsle.InfestedForest"")))","1.000000","1.000000","False",""
InfestedForest2,"NSLOCTEXT(""AreaTable"", ""FD9DFB154880E93E518828909DB735D7"", ""Bogwood Hollow"")","NSLOCTEXT(""AreaTable"", ""3CF121344EB7B47E098679AE7016ECA6"", ""Infested Woodlands"")","Map_InfestedForestName","GFinfested2","Progressive","/Game/Environments/Levels/Goblinland/rules/InfestedForest2/Area_InfestedForest2.Area_InfestedForest2_C","1.000000","(RowName=""IF1-2pass"")","(RowName=""IF2_Caves1"")","(RowName="""")","(RowName="""")","(RowName="""")","(RowName="""")","(RowName="""")","(RowName="""")","(RowName="""")","(RowName="""")","(RowName="""")","(RowName="""")","(RowName="""")","(RowName="""")","(RowName="""")","(RowName="""")","(RowName="""")","(RowName="""")","(RowName="""")","A2C2Q1:Task_GotoBogwood","False","0","True","True","False","True","False","19.000000","0.990000","False","True","False","True","False","False","","False","True","(())","(RowName=""Traps_Hyvid"")","(RowName="""")","None","19.000000","0.990000","0.000000","1.000000","1.000000","3000.000000","(TagName=""Element.Poison"")","(TagName=""Region.GoblinIsle.InfestedForest"")","(GameplayTags=)","(GameplayTags=)","(GameplayTags=)","(Map=())","(GameplayTags=((TagName=""Theme.Generic""),(TagName=""Theme.Infested.Full""),(TagName=""Gadget.HarvestingNode.Metal.T1.GoblinIsle""),(TagName=""Gadget.HarvestingNode.Stone.T1.GoblinIsle""),(TagName=""Gadget.HarvestingNode.Wood.T1.GoblinIsle.Infested""),(TagName=""Gadget.Shrine.Global""),(TagName=""Gadget.Shrine.Hyvid""),(TagName=""MonsterSpawner.Encounter.IF2""),(TagName=""Gadget.Lore.BugCorpse2""),(TagName=""Gadget.Lore.EchoCrystal.IF2"")))","(GameplayTags=)","(Map=())","1.000000","None","None","None","(RowName=""Skill_PoisonCurePotion"")","(RowName="""")","(RowName="""")","(X=-20.000000,Y=20.000000)","True","False","True","True","False","False","(GameplayTags=)","(RowName="""")","(RowName="""")","(RowName="""")","(GameplayTags=)","0","(GameplayTags=)","0","(GameplayTags=((TagName=""Region.GoblinIsle.InfestedForest.IF2"")))","((GameplayTags=((TagName=""Region.GoblinIsle.InfestedForest""))),(GameplayTags=((TagName=""Item.Lore.Psora.1""))))","(GameplayTags=)","((GameplayTags=((TagName=""Element.Poison""),(TagName=""Affix.Effect.Poison""))),(GameplayTags=((TagName=""Affix.Defense.Poison""))))","((GameplayTags=((TagName=""Character.Monster.Vespid.Soldier.Normal""),(TagName=""Character.Monster.Global""),(TagName=""Character.Monster.PhaseBeast""),(TagName=""Character.Monster.InfestedGoblin.Normal""),(TagName=""Character.Monster.Vespid.Larvae""),(TagName=""Character.Monster.Vespid.Flier.Newbie""),(TagName=""Character.Monster.InfestedGoblin.Cocoon""))))","(GameplayTags=((TagName=""Region.GoblinIsle.InfestedForest"")))","0.750000","1.000000","False",""
IF2_Caves1,"NSLOCTEXT(""AreaTable"", ""4B409CA74DC7806DF81304B34651CFC3"", ""Hyvid Hatchery"")","NSLOCTEXT(""AreaTable"", ""D6670D404AEECC76085C13ADB56973A7"", ""Abandoned Caves"")","Map_InfestedCaveName","GFinfested2","Progressive","/Game/Environments/Levels/Goblinland/rules/IF2_Caves1/Area_IF2_Caves1.Area_IF2_Caves1_C","2.000000","(RowName=""InfestedForest2"")","(RowName=""IF2_Forest2_boss"")","(RowName="""")","(RowName="""")","(RowName="""")","(RowName="""")","(RowName="""")","(RowName="""")","(RowName="""")","(RowName="""")","(RowName="""")","(RowName="""")","(RowName="""")","(RowName="""")","(RowName="""")","(RowName="""")","(RowName="""")","(RowName="""")","(RowName="""")","A2C2Q1:Task_GotoHatchery","False","0","False","False","False","True","False","20.000000","0.990000","False","True","False","False","False","False","","False","False","(())","(RowName=""Traps_Hyvid"")","(RowName="""")","None","20.000000","0.990000","0.000000","1.000000","1.000000","2500.000000","(TagName=""Element.Poison"")","(TagName=""Region.GoblinIsle.InfestedForest"")","(GameplayTags=)","(GameplayTags=)","(GameplayTags=)","(Map=())","(GameplayTags=((TagName=""Theme.Generic""),(TagName=""Theme.Mine""),(TagName=""Theme.Infested.Hive""),(TagName=""Theme.Infested.Full""),(TagName=""Gadget.HarvestingNode.Metal.T1.GoblinIsle""),(TagName=""Gadget.HarvestingNode.Stone.T1.GoblinIsle""),(TagName=""Gadget.Shrine.Global""),(TagName=""Gadget.Shrine.Hyvid""),(TagName=""MonsterSpawner.HyvidEggPod""),(TagName=""Gadget.Lore.SwampSeerSack""),(TagName=""Gadget.Lore.DyingGuard.IF2_Caves1""),(TagName=""Gadget.Lore.EchoCrystal.IF2_Caves1"")))","(GameplayTags=)","(Map=())","1.000000","None","None","None","(RowName=""Skill_PoisonCurePotion"")","(RowName="""")","(RowName="""")","(X=-20.000000,Y=20.000000)","True","False","True","True","False","False","(GameplayTags=)","(RowName="""")","(RowName="""")","(RowName="""")","(GameplayTags=)","0","(GameplayTags=)","0","(GameplayTags=)","((GameplayTags=((TagName=""Region.GoblinIsle.InfestedForest""))),(GameplayTags=((TagName=""Item.Lore.SwampSeer.4""))))","(GameplayTags=)","((GameplayTags=((TagName=""Element.Poison""),(TagName=""Affix.Effect.Poison""))),(GameplayTags=((TagName=""Affix.Defense.Poison""))))","((GameplayTags=((TagName=""Character.Monster.Vespid.Larvae""),(TagName=""Character.Monster.Vespid.EggPod""),(TagName=""Character.Monster.Global""),(TagName=""Character.Monster.PhaseBeast""),(TagName=""Character.Monster.Vespid.Egg""),(TagName=""Character.Monster.Vespid.Soldier.Tough""),(TagName=""Character.Monster.Vespid.Guardian""),(TagName=""Character.Monster.InfestedGoblin.Normal""),(TagName=""Character.Monster.InfestedGoblin.Cocoon""))))","(GameplayTags=((TagName=""Region.GoblinIsle.InfestedForest"")))","1.000000","1.000000","False",""
IF2_Forest2_boss,"NSLOCTEXT(""AreaTable"", ""E8E59CD04AC130FD1E595C9EBD3FF3EE"", ""Nymph Tree"")","NSLOCTEXT(""AreaTable"", ""4EDB2EB9477157E02B1759A09FE0B24F"", ""Ruptured Ravine"")","Map_InfestedForestName","GFinfested2","Progressive","/Game/Environments/Levels/Goblinland/rules/IF2_Forest2_boss/Area_IF2_Forest2_boss.Area_IF2_Forest2_boss_C","1.000000","(RowName=""IF2_Caves1"")","(RowName=""IF2-3_pass"")","(RowName="""")","(RowName="""")","(RowName="""")","(RowName="""")","(RowName="""")","(RowName="""")","(RowName="""")","(RowName="""")","(RowName="""")","(RowName="""")","(RowName="""")","(RowName="""")","(RowName="""")","(RowName="""")","(RowName="""")","(RowName="""")","(RowName="""")","A2C2Q1:Task_GotoBossArena","False","0","True","True","False","False","False","21.000000","0.000000","False","False","False","False","False","False","((RowName=""VespidFlier_Story_Boss""))","False","False","(())","(RowName=""Traps_Hyvid"")","(RowName="""")","None","21.000000","0.000000","0.000000","1.000000","3.000000","3000.000000","(TagName=""Element.Poison"")","(TagName=""Region.GoblinIsle.InfestedForest"")","(GameplayTags=)","(GameplayTags=)","(GameplayTags=)","(Map=())","(GameplayTags=((TagName=""Theme.Generic""),(TagName=""Theme.Infested.Full""),(TagName=""Gadget.HarvestingNode.Metal.T1.GoblinIsle""),(TagName=""Gadget.HarvestingNode.Stone.T1.GoblinIsle""),(TagName=""Gadget.HarvestingNode.Wood.T1.GoblinIsle.Infested""),(TagName=""Gadget.Shrine.Global""),(TagName=""Gadget.Shrine.Hyvid""),(TagName=""Gadget.PetCage.HighChance""),(TagName=""MonsterSpawner.HyvidEggPod""),(TagName=""Gadget.Lore.EchoCrystal.IF2_Forest2_Boss"")))","(GameplayTags=)","(Map=())","1.000000","None","None","None","(RowName=""Skill_PoisonCurePotion"")","(RowName="""")","(RowName="""")","(X=-20.000000,Y=20.000000)","True","False","False","True","False","False","(GameplayTags=((TagName=""Skill.Stuck"")))","(RowName="""")","(RowName="""")","(RowName="""")","(GameplayTags=)","0","(GameplayTags=)","0","(GameplayTags=)","((GameplayTags=((TagName=""Region.GoblinIsle.InfestedForest""))))","(GameplayTags=)","((GameplayTags=((TagName=""Element.Poison""),(TagName=""Affix.Effect.Poison""))),(GameplayTags=((TagName=""Affix.Defense.Poison""))))","((GameplayTags=((TagName=""Character.Monster.Vespid.Larvae""),(TagName=""Character.Monster.Vespid.Egg""),(TagName=""Character.Monster.Vespid.EggPod""),(TagName=""Character.Monster.Vespid.Flier.Normal""),(TagName=""Character.Monster.Vespid.Guardian""),(TagName=""Character.Monster.Vespid.Soldier.Tough""),(TagName=""Character.Monster.Vespid.Flier.Juicy""))))","(GameplayTags=((TagName=""Region.GoblinIsle.InfestedForest"")))","1.000000","1.000000","False",""
IF2-3_pass,"NSLOCTEXT(""AreaTable"", ""B71A77894C38C8404FE49EB1069B1FBA"", ""Clear Passage"")","NSLOCTEXT(""AreaTable"", ""963A21C5450F0B081C0E14BB8DB9059E"", ""Clear Pass"")","None","GFinfested2_Progressive_Pass","Open","/Game/Environments/Levels/Forts/rules/Infested/Area_if_PlayerFort_IF2-3pass.Area_if_PlayerFort_IF2-3pass_C","1.000000","(RowName=""IF2_Forest2_boss"")","(RowName=""InfestedForest3"")","(RowName="""")","(RowName="""")","(RowName="""")","(RowName="""")","(RowName="""")","(RowName="""")","(RowName="""")","(RowName="""")","(RowName="""")","(RowName="""")","(RowName="""")","(RowName="""")","(RowName="""")","(RowName="""")","(RowName="""")","(RowName="""")","(RowName="""")","A2C2Q1:Task_GotoClearPassage","False","1","True","True","False","True","False","21.000000","0.000000","False","True","False","False","False","False","","False","False","","(RowName=""Traps_Hyvid"")","(RowName="""")","None","21.000000","0.000000","0.000000","1.000000","1.000000","3000.000000","(TagName=""Element.Poison"")","(TagName=""Region.GoblinIsle.InfestedForest"")","(GameplayTags=)","(GameplayTags=)","(GameplayTags=)","(Map=())","(GameplayTags=((TagName=""Theme.Generic""),(TagName=""Theme.Infested.Full""),(TagName=""Gadget.HarvestingNode.Metal.T1.GoblinIsle""),(TagName=""Gadget.HarvestingNode.Stone.T1.GoblinIsle""),(TagName=""Gadget.HarvestingNode.Wood.T1.GoblinIsle.Infested""),(TagName=""Gadget.Shrine.Global""),(TagName=""Gadget.Shrine.Hyvid""),(TagName=""Character.NPC.Gatekeeper""),(TagName=""Character.NPC.QuestGiver"")))","(GameplayTags=)","(Map=())","1.000000","None","None","None","(RowName=""Skill_PoisonCurePotion"")","(RowName="""")","(RowName="""")","(X=0.000000,Y=0.000000)","True","False","True","True","False","False","(GameplayTags=)","(RowName="""")","(RowName="""")","(RowName="""")","(GameplayTags=)","0","(GameplayTags=)","0","(GameplayTags=)","((GameplayTags=((TagName=""Region.GoblinIsle.InfestedForest""))))","(GameplayTags=)","((GameplayTags=((TagName=""Element.Poison""),(TagName=""Affix.Effect.Poison""))),(GameplayTags=((TagName=""Affix.Defense.Poison""))))","","(GameplayTags=((TagName=""Region.GoblinIsle.InfestedForest"")))","0.000000","1.000000","False",""
InfestedForest3,"NSLOCTEXT(""AreaTable"", ""85DAE11146488E309FCB65B502AAB851"", ""Acrid Plains"")","NSLOCTEXT(""AreaTable"", ""B1B539C34F6D52E038BE2B9B11619F10"", ""Bogwood Lake"")","Map_InfestedForestName","GFinfested3","Progressive","/Game/Environments/Levels/Goblinland/rules/InfestedForest3/Area_InfestedForest3_Lakes.Area_InfestedForest3_Lakes_C","3.000000","(RowName=""IF2-3_pass"")","(RowName=""IF3-4_pass"")","(RowName=""IF3_Forest1"")","(RowName=""IF3_Caves1"")","(RowName="""")","(RowName="""")","(RowName="""")","(RowName="""")","(RowName="""")","(RowName="""")","(RowName="""")","(RowName="""")","(RowName="""")","(RowName="""")","(RowName="""")","(RowName="""")","(RowName="""")","(RowName="""")","(RowName="""")","A2C3Q1:Task_GotoAcridPlains","False","0","True","True","False","True","False","21.000000","1.990000","False","True","False","True","False","False","","False","True","","(RowName=""Traps_Hyvid"")","(RowName="""")","None","21.000000","1.990000","0.000000","1.000000","1.000000","3000.000000","(TagName=""Element.Poison"")","(TagName=""Region.GoblinIsle.InfestedForest"")","(GameplayTags=)","(GameplayTags=)","(GameplayTags=)","(Map=())","(GameplayTags=((TagName=""Theme.Generic""),(TagName=""Theme.Infested.Full""),(TagName=""Gadget.HarvestingNode.Metal.T1.GoblinIsle""),(TagName=""Gadget.HarvestingNode.Stone.T1.GoblinIsle""),(TagName=""Gadget.HarvestingNode.Wood.T1.GoblinIsle.Infested""),(TagName=""Gadget.Shrine.Global""),(TagName=""Gadget.Shrine.Hyvid""),(TagName=""MonsterSpawner.Encounter.IF3""),(TagName=""MonsterSpawner.StoneElemental.Hyvid""),(TagName=""Theme.StoneElemental.Infested""),(TagName=""Gadget.Lore.SwampSeerSack""),(TagName=""Gadget.Lore.EchoCrystal.IF3"")))","(GameplayTags=)","(Map=())","1.000000","None","None","None","(RowName=""Skill_PoisonCurePotion"")","(RowName="""")","(RowName="""")","(X=-20.000000,Y=20.000000)","True","False","True","True","False","False","(GameplayTags=)","(RowName="""")","(RowName="""")","(RowName="""")","(GameplayTags=)","0","(GameplayTags=)","0","(GameplayTags=((TagName=""Region.GoblinIsle.InfestedForest.IF3"")))","((GameplayTags=((TagName=""Region.GoblinIsle.InfestedForest""))),(GameplayTags=((TagName=""Item.Lore.SwampSeer.3""))))","(GameplayTags=)","((GameplayTags=((TagName=""Element.Poison""),(TagName=""Affix.Effect.Poison""))),(GameplayTags=((TagName=""Affix.Defense.Poison""))))","((GameplayTags=((TagName=""Character.Monster.Global""),(TagName=""Character.Monster.PhaseBeast""),(TagName=""Character.Monster.StoneElemental.Vespid""),(TagName=""Character.Monster.Strider.Thorned""),(TagName=""Character.Monster.ForestLurker.Normal""),(TagName=""Character.Monster.Vespid.Soldier.Normal""),(TagName=""Character.Monster.Vespid.Flier.Normal""))))","(GameplayTags=((TagName=""Region.GoblinIsle.InfestedForest"")))","0.750000","1.000000","False",""
IF3_Forest1,"NSLOCTEXT(""AreaTable"", ""50A627454D2BC3327D67A4BB98D93EFD"", ""Ancestral Grove"")","NSLOCTEXT(""AreaTable"", ""87C64D4B419190E6BB69C39923B74BF1"", ""The Shadiest Retreat"")","Map_InfestedForestName","GFinfested3","Progressive","/Game/Environments/Levels/Goblinland/rules/IF3_Forest1/Area_IF1_Forest1_grove.Area_IF1_Forest1_grove_C","4.000000","(RowName=""InfestedForest3"")","(RowName="""")","(RowName="""")","(RowName="""")","(RowName="""")","(RowName="""")","(RowName="""")","(RowName="""")","(RowName="""")","(RowName="""")","(RowName="""")","(RowName="""")","(RowName="""")","(RowName="""")","(RowName="""")","(RowName="""")","(RowName="""")","(RowName="""")","(RowName="""")","A2C3Q1:Task_GotoGrove","False","0","True","True","False","True","False","22.000000","0.990000","False","True","False","False","False","False","((RowName=""VarkeninBrute_Story_Boss2""))","False","False","","(RowName=""Traps_Hyvid"")","(RowName="""")","None","22.000000","0.990000","0.000000","1.000000","1.000000","3000.000000","(TagName=""Element.Physical"")","(TagName=""Region.GoblinIsle.InfestedForest"")","(GameplayTags=)","(GameplayTags=)","(GameplayTags=)","(Map=())","(GameplayTags=((TagName=""Theme.Generic""),(TagName=""Theme.Infested.Full""),(TagName=""Gadget.HarvestingNode.Metal.T1.GoblinIsle""),(TagName=""Gadget.HarvestingNode.Stone.T1.GoblinIsle""),(TagName=""Gadget.HarvestingNode.Wood.T1.GoblinIsle.Infested""),(TagName=""Gadget.Shrine.Global""),(TagName=""Gadget.Quest.AlpacaCage.SwampAlpaca.Lost""),(TagName=""Gadget.PetCage.MedChance""),(TagName=""Gadget.Lore.EchoCrystal.IF3_Forest1"")))","(GameplayTags=)","(Map=())","1.000000","None","None","None","(RowName=""Skill_PoisonCurePotion"")","(RowName="""")","(RowName="""")","(X=-20.000000,Y=20.000000)","True","False","True","True","False","False","(GameplayTags=)","(RowName="""")","(RowName="""")","(RowName="""")","(GameplayTags=)","0","(GameplayTags=)","0","(GameplayTags=)","((GameplayTags=((TagName=""Region.GoblinIsle.InfestedForest""))))","(GameplayTags=)","((GameplayTags=((TagName=""Element.Physical""),(TagName=""Affix.Effect.Physical""))),(GameplayTags=((TagName=""Affix.Defense.Physical""))))","((GameplayTags=((TagName=""Character.Monster.Global""),(TagName=""Character.Monster.PhaseBeast""),(TagName=""Character.Monster.Varkenin.Brute.Normal""),(TagName=""Character.Monster.Rat.Large""),(TagName=""Character.Monster.Goblin.Hounds.RiderBeast""),(TagName=""Character.Monster.ForestLurker.Normal""))))","(GameplayTags=((TagName=""Region.GoblinIsle.InfestedForest"")))","1.000000","1.000000","False",""
IF3_Caves1,"NSLOCTEXT(""AreaTable"", ""C1DF2C5045E6EF4B25FFA3B6337A0C67"", ""Sunken Ruins"")","NSLOCTEXT(""AreaTable"", ""EBB5533A422221E0042CC6B44718E4EE"", ""Underlakes"")","Map_EchoInteriorName","GFinfested3","Progressive","/Game/Environments/Levels/Goblinland/rules/IF3_Caves1/Area_IF3_Caves1_warehouse.Area_IF3_Caves1_warehouse_C","3.000000","(RowName=""InfestedForest3"")","(RowName=""IF3_Caves1a"")","(RowName="""")","(RowName="""")","(RowName="""")","(RowName="""")","(RowName="""")","(RowName="""")","(RowName="""")","(RowName="""")","(RowName="""")","(RowName="""")","(RowName="""")","(RowName="""")","(RowName="""")","(RowName="""")","(RowName="""")","(RowName="""")","(RowName="""")","A2C3Q1:Task_GotoRuins","False","0","False","False","False","True","False","23.000000","0.990000","False","True","False","False","False","False","((RowName=""Automaton_Story_Boss2""))","False","False","","(RowName=""Traps_Hyvid"")","(RowName="""")","None","23.000000","0.990000","0.000000","1.000000","1.000000","3000.000000","(TagName=""Element.Poison"")","(TagName=""Region.GoblinIsle.InfestedForest"")","(GameplayTags=)","(GameplayTags=)","(GameplayTags=)","(Map=())","(GameplayTags=((TagName=""Theme.Generic""),(TagName=""Theme.Mine""),(TagName=""Theme.Infested.Hive""),(TagName=""Theme.Infested.Full""),(TagName=""Gadget.HarvestingNode.Metal.T1.GoblinIsle""),(TagName=""Gadget.HarvestingNode.Stone.T1.GoblinIsle""),(TagName=""Gadget.Shrine.Global""),(TagName=""Gadget.Shrine.Hyvid""),(TagName=""Gadget.PetCage.LowChance""),(TagName=""Gadget.Quest.AlpacaCage.SwampAlpaca.Clever""),(TagName=""Gadget.Lore.EchoContainer.1""),(TagName=""Gadget.Lore.EchoCrystal.IF3_Caves1"")))","(GameplayTags=)","(Map=())","1.000000","None","None","None","(RowName=""Skill_PoisonCurePotion"")","(RowName="""")","(RowName="""")","(X=-20.000000,Y=20.000000)","True","False","True","True","False","False","(GameplayTags=)","(RowName="""")","(RowName="""")","(RowName="""")","(GameplayTags=)","0","(GameplayTags=)","0","(GameplayTags=)","((GameplayTags=((TagName=""Region.GoblinIsle.InfestedForest""))))","(GameplayTags=)","((GameplayTags=((TagName=""Element.Poison""),(TagName=""Affix.Effect.Poison""))),(GameplayTags=((TagName=""Affix.Defense.Poison""))))","((GameplayTags=((TagName=""Character.Monster.Global""),(TagName=""Character.Monster.PhaseBeast""),(TagName=""Character.Monster.Automaton.Custodian.Poison""),(TagName=""Character.Monster.Spider.Physical.Melee""),(TagName=""Character.Monster.Spider.Physical.Ranged""),(TagName=""Character.Monster.Spider.Poison.Melee""),(TagName=""Character.Monster.Spider.Poison.Ranged""))))","(GameplayTags=((TagName=""Region.GoblinIsle.InfestedForest"")))","1.000000","1.000000","False",""
IF3_Caves1a,"NSLOCTEXT(""AreaTable"", ""F876DB424D6F2EB0EE6AC3855C299820"", ""Bugswat Burrow"")","NSLOCTEXT(""AreaTable"", ""1A9705D7425EC9894C2DCF857FE3BE4B"", ""The Greendark"")","Map_InfestedCaveName","GFinfested3","Progressive","/Game/Environments/Levels/Goblinland/rules/IF3_Caves2/Area_IF3_Caves2_ic2.Area_IF3_Caves2_ic2_C","2.000000","(RowName=""IF3_Caves1"")","(RowName="""")","(RowName="""")","(RowName="""")","(RowName="""")","(RowName="""")","(RowName="""")","(RowName="""")","(RowName="""")","(RowName="""")","(RowName="""")","(RowName="""")","(RowName="""")","(RowName="""")","(RowName="""")","(RowName="""")","(RowName="""")","(RowName="""")","(RowName="""")","A2C3Q1:Task_GotoBurrow","False","0","False","False","False","True","False","24.000000","0.990000","False","True","False","False","False","False","((RowName=""Burrower_Story_Boss""))","False","False","","(RowName=""Traps_Hyvid"")","(RowName="""")","None","24.000000","0.990000","0.000000","1.000000","1.000000","2500.000000","(TagName=""Element.Poison"")","(TagName=""Region.GoblinIsle.InfestedForest"")","(GameplayTags=)","(GameplayTags=)","(GameplayTags=)","(Map=())","(GameplayTags=((TagName=""Theme.Generic""),(TagName=""Theme.Mine""),(TagName=""Theme.Infested.Hive""),(TagName=""Theme.Infested.Full""),(TagName=""Gadget.HarvestingNode.Metal.T1.GoblinIsle""),(TagName=""Gadget.HarvestingNode.Stone.T1.GoblinIsle""),(TagName=""Gadget.Shrine.Global""),(TagName=""Gadget.Shrine.Hyvid""),(TagName=""MonsterSpawner.Quest.IF6""),(TagName=""Gadget.PetCage.LowChance""),(TagName=""MonsterSpawner.StoneElemental.Hyvid""),(TagName=""Character.NPC.QuestGiver.Alpaca""),(TagName=""Theme.StoneElemental.Infested""),(TagName=""Gadget.Lore.LoreSkulls"")))","(GameplayTags=)","(Map=())","1.000000","None","None","None","(RowName=""Skill_PoisonCurePotion"")","(RowName="""")","(RowName="""")","(X=-20.000000,Y=20.000000)","True","False","True","True","False","False","(GameplayTags=)","(RowName="""")","(RowName="""")","(RowName="""")","(GameplayTags=)","0","(GameplayTags=)","0","(GameplayTags=)","((GameplayTags=((TagName=""Region.GoblinIsle.InfestedForest""))),(GameplayTags=((TagName=""Item.Lore.TorchlightHistory.4""))))","(GameplayTags=)","((GameplayTags=((TagName=""Element.Poison""),(TagName=""Affix.Effect.Poison""))),(GameplayTags=((TagName=""Affix.Defense.Poison""))))","((GameplayTags=((TagName=""Character.Monster.Global""),(TagName=""Character.Monster.PhaseBeast""),(TagName=""Character.Monster.StoneElemental.Vespid""),(TagName=""Character.Monster.Spider.Physical.Melee""),(TagName=""Character.Monster.Spider.Physical.Ranged""),(TagName=""Character.Monster.Spider.Poison.Melee""),(TagName=""Character.Monster.Spider.Poison.Ranged""),(TagName=""Character.Monster.Burrower""))))","(GameplayTags=((TagName=""Region.GoblinIsle.InfestedForest"")))","1.000000","1.000000","False",""
IF3-4_pass,"NSLOCTEXT(""AreaTable"", ""2E091AB14B37B6B7C2C6068029A11136"", ""Protected Trail"")","NSLOCTEXT(""AreaTable"", ""06E39AFA4B5862C148E9179797A08D53"", ""Protected Passage"")","None","GFinfested3_Progressive_Pass","Open","/Game/Environments/Levels/Forts/rules/Infested/Area_if_PlayerFort_IF3-4pass.Area_if_PlayerFort_IF3-4pass_C","1.000000","(RowName=""InfestedForest3"")","(RowName=""InfestedForest4"")","(RowName="""")","(RowName="""")","(RowName="""")","(RowName="""")","(RowName="""")","(RowName="""")","(RowName="""")","(RowName="""")","(RowName="""")","(RowName="""")","(RowName="""")","(RowName="""")","(RowName="""")","(RowName="""")","(RowName="""")","(RowName="""")","(RowName="""")","None","False","1","True","True","False","True","False","25.000000","0.000000","False","True","False","False","False","False","","False","False","","(RowName=""Traps_Hyvid"")","(RowName="""")","None","25.000000","0.000000","0.000000","1.000000","1.000000","3000.000000","(TagName=""Element.Poison"")","(TagName=""Region.GoblinIsle.InfestedForest"")","(GameplayTags=)","(GameplayTags=)","(GameplayTags=)","(Map=())","(GameplayTags=((TagName=""Theme.Generic""),(TagName=""Theme.Infested.Full""),(TagName=""Gadget.HarvestingNode.Metal.T1.GoblinIsle""),(TagName=""Gadget.HarvestingNode.Stone.T1.GoblinIsle""),(TagName=""Gadget.HarvestingNode.Wood.T1.GoblinIsle.Infested""),(TagName=""Gadget.Shrine.Global""),(TagName=""Gadget.Shrine.Hyvid""),(TagName=""Character.NPC.Gatekeeper""),(TagName=""Character.NPC.QuestGiver"")))","(GameplayTags=)","(Map=())","1.000000","None","None","None","(RowName=""Skill_PoisonCurePotion"")","(RowName="""")","(RowName="""")","(X=0.000000,Y=0.000000)","True","False","True","True","False","False","(GameplayTags=)","(RowName="""")","(RowName="""")","(RowName="""")","(GameplayTags=)","0","(GameplayTags=)","0","(GameplayTags=)","((GameplayTags=((TagName=""Region.GoblinIsle.InfestedForest""))))","(GameplayTags=)","((GameplayTags=((TagName=""Element.Poison""),(TagName=""Affix.Effect.Poison""))),(GameplayTags=((TagName=""Affix.Defense.Poison""))))","","(GameplayTags=((TagName=""Region.GoblinIsle.InfestedForest"")))","0.000000","1.000000","False",""
InfestedForest4,"NSLOCTEXT(""AreaTable"", ""3ACB7ADA47610CB256F357B069F9C092"", ""Murky Miasma"")","NSLOCTEXT(""AreaTable"", ""7BE1C80B4CDD26A751A2DEACA0AE14CC"", ""Acidic Plains"")","Map_InfestedForestName","GFinfested4","Progressive","/Game/Environments/Levels/Goblinland/rules/InfestedForest4/Area_InfestedForest4_Miasma.Area_InfestedForest4_Miasma_C","2.000000","(RowName=""IF3-4_pass"")","(RowName=""IF4_Caves1"")","(RowName="""")","(RowName="""")","(RowName="""")","(RowName="""")","(RowName="""")","(RowName="""")","(RowName="""")","(RowName="""")","(RowName="""")","(RowName="""")","(RowName="""")","(RowName="""")","(RowName="""")","(RowName="""")","(RowName="""")","(RowName="""")","(RowName="""")","A2C4Q1:Task_GotoMiasma","False","0","True","True","False","True","False","25.000000","0.990000","False","True","False","True","False","False","((RowName=""VespidSoldier_Story_Boss2""))","False","True","","(RowName=""Traps_Hyvid"")","(RowName="""")","None","25.000000","0.990000","0.000000","1.000000","1.000000","3000.000000","(TagName=""Element.Poison"")","(TagName=""Region.GoblinIsle.InfestedForest"")","(GameplayTags=)","(GameplayTags=)","(GameplayTags=)","(Map=())","(GameplayTags=((TagName=""Theme.Generic""),(TagName=""Theme.Infested.Full""),(TagName=""Gadget.HarvestingNode.Metal.T1.GoblinIsle""),(TagName=""Gadget.HarvestingNode.Stone.T1.GoblinIsle""),(TagName=""Gadget.HarvestingNode.Wood.T1.GoblinIsle.Infested""),(TagName=""Gadget.Shrine.Global""),(TagName=""Gadget.Shrine.Hyvid""),(TagName=""Character.NPC.QuestGiver.ImperialScout""),(TagName=""MonsterSpawner.Quest.IF4""),(TagName=""MonsterSpawner.Encounter.IF4""),(TagName=""MonsterSpawner.HyvidArmorCrystal""),(TagName=""MonsterSpawner.HyvidEggPod""),(TagName=""Gadget.PetCage.MedChance""),(TagName=""Gadget.Lore.ImperialGuardCorpse.2""),(TagName=""Gadget.Lore.EchoCrystal.IF4"")))","(GameplayTags=)","(Map=())","1.000000","None","None","None","(RowName=""Skill_PoisonCurePotion"")","(RowName="""")","(RowName="""")","(X=-20.000000,Y=20.000000)","True","False","True","True","False","False","(GameplayTags=)","(RowName="""")","(RowName="""")","(RowName="""")","(GameplayTags=)","0","(GameplayTags=)","0","(GameplayTags=((TagName=""Region.GoblinIsle.InfestedForest.IF4"")))","((GameplayTags=((TagName=""Region.GoblinIsle.InfestedForest""))),(GameplayTags=((TagName=""Item.Lore.Krronk.1""))))","(GameplayTags=)","((GameplayTags=((TagName=""Element.Poison""),(TagName=""Affix.Effect.Poison""))),(GameplayTags=((TagName=""Affix.Defense.Poison""))))","((GameplayTags=((TagName=""Character.Monster.Vespid.EggPod""),(TagName=""Character.Monster.Global""),(TagName=""Character.Monster.PhaseBeast""),(TagName=""Character.Monster.Vespid.Egg""),(TagName=""Character.Monster.Vespid.Larvae""),(TagName=""Character.Monster.Vespid.Soldier.Normal""),(TagName=""Character.Monster.Vespid.Guardian""),(TagName=""Character.Monster.Prop.HyvidCrystal""))))","(GameplayTags=((TagName=""Region.GoblinIsle.InfestedForest"")))","0.750000","1.000000","False",""
IF4_Caves1,"NSLOCTEXT(""AreaTable"", ""1B95A4B7480AB88F01E2ED86C21F9959"", ""Crystal Passage"")","NSLOCTEXT(""AreaTable"", ""82DAD4D04FE08AA2848AC9A8255AFA75"", ""The Muck"")","Map_InfestedCaveName","GFinfested4","Progressive","/Game/Environments/Levels/Goblinland/rules/IF4_Caves1/Area_IF4_Caves1_ic2.Area_IF4_Caves1_ic2_C","2.000000","(RowName=""InfestedForest4"")","(RowName=""IF4_Caves2_boss"")","(RowName="""")","(RowName="""")","(RowName="""")","(RowName="""")","(RowName="""")","(RowName="""")","(RowName="""")","(RowName="""")","(RowName="""")","(RowName="""")","(RowName="""")","(RowName="""")","(RowName="""")","(RowName="""")","(RowName="""")","(RowName="""")","(RowName="""")","A2C4Q1:Task_GotoCrystalPass","False","0","False","False","False","True","False","26.000000","0.990000","False","True","False","False","False","False","","False","False","","(RowName=""Traps_Hyvid"")","(RowName="""")","None","26.000000","0.990000","0.000000","1.000000","1.000000","2500.000000","(TagName=""Element.Poison"")","(TagName=""Region.GoblinIsle.InfestedForest"")","(GameplayTags=)","(GameplayTags=)","(GameplayTags=)","(Map=())","(GameplayTags=((TagName=""Theme.Generic""),(TagName=""Theme.Mine""),(TagName=""Theme.Infested.Hive""),(TagName=""Theme.Infested.Full""),(TagName=""Gadget.HarvestingNode.Metal.T1.GoblinIsle""),(TagName=""Gadget.HarvestingNode.Stone.T1.GoblinIsle""),(TagName=""Gadget.Shrine.Global""),(TagName=""Gadget.Shrine.Hyvid""),(TagName=""MonsterSpawner.Quest.IF4_Caves1""),(TagName=""MonsterSpawner.HyvidArmorCrystal""),(TagName=""MonsterSpawner.StoneElemental.Hyvid""),(TagName=""Theme.StoneElemental.Infested""),(TagName=""Gadget.Lore.EchoCrystal.IF4_Caves1"")))","(GameplayTags=)","(Map=())","1.000000","None","None","None","(RowName=""Skill_PoisonCurePotion"")","(RowName="""")","(RowName="""")","(X=-20.000000,Y=20.000000)","True","False","True","True","False","False","(GameplayTags=)","(RowName="""")","(RowName="""")","(RowName="""")","(GameplayTags=)","0","(GameplayTags=)","0","(GameplayTags=)","((GameplayTags=((TagName=""Region.GoblinIsle.InfestedForest""))))","(GameplayTags=)","((GameplayTags=((TagName=""Element.Poison""),(TagName=""Affix.Effect.Poison""))),(GameplayTags=((TagName=""Affix.Defense.Poison""))))","((GameplayTags=((TagName=""Character.Monster.Global""),(TagName=""Character.Monster.PhaseBeast""),(TagName=""Character.Monster.StoneElemental.Vespid""),(TagName=""Character.Monster.Vespid.Charger.Newbie""),(TagName=""Character.Monster.Vespid.Flier.Normal""),(TagName=""Character.Monster.Vespid.Soldier.Tough""),(TagName=""Character.Monster.Prop.HyvidCrystal""))))","(GameplayTags=((TagName=""Region.GoblinIsle.InfestedForest"")))","1.000000","1.000000","False",""
IF4_Caves2_boss,"NSLOCTEXT(""AreaTable"", ""70A291BA4C59F93948DDBD9A86CCD011"", ""Defender\'s Gate"")","NSLOCTEXT(""AreaTable"", ""9458BB5843A8D9DC503555AFE9AF1A3E"", ""Deep Hollows"")","Map_InfestedForestName","GFinfested4","Progressive","/Game/Environments/Levels/Goblinland/rules/IF4_Caves3_ic2_boss/Area_IF4_Caves3_ic2_boss.Area_IF4_Caves3_ic2_boss_C","1.000000","(RowName=""IF4_Caves1"")","(RowName=""IF4-5pass"")","(RowName="""")","(RowName="""")","(RowName="""")","(RowName="""")","(RowName="""")","(RowName="""")","(RowName="""")","(RowName="""")","(RowName="""")","(RowName="""")","(RowName="""")","(RowName="""")","(RowName="""")","(RowName="""")","(RowName="""")","(RowName="""")","(RowName="""")","A2C4Q1:Task_GotoBossArena","False","0","False","False","False","False","False","27.000000","0.000000","False","False","False","False","False","False","((RowName=""VespidCharger_Story_Boss""))","False","False","","(RowName=""Traps_Hyvid"")","(RowName="""")","None","27.000000","0.000000","0.000000","1.000000","3.000000","2500.000000","(TagName=""Element.Poison"")","(TagName=""Region.GoblinIsle.InfestedForest"")","(GameplayTags=)","(GameplayTags=)","(GameplayTags=)","(Map=())","(GameplayTags=((TagName=""Theme.Generic""),(TagName=""Theme.Infested.Full""),(TagName=""Gadget.PetCage.HighChance""),(TagName=""Gadget.Lore.EchoCrystal.IF4_Caves2_Boss"")))","(GameplayTags=)","(Map=())","1.000000","None","None","None","(RowName=""Skill_PoisonCurePotion"")","(RowName="""")","(RowName="""")","(X=-20.000000,Y=20.000000)","True","False","False","True","False","False","(GameplayTags=((TagName=""Skill.Stuck"")))","(RowName="""")","(RowName="""")","(RowName="""")","(GameplayTags=)","0","(GameplayTags=)","0","(GameplayTags=)","((GameplayTags=((TagName=""Region.GoblinIsle.InfestedForest""))))","(GameplayTags=)","((GameplayTags=((TagName=""Element.Poison""),(TagName=""Affix.Effect.Poison""))),(GameplayTags=((TagName=""Affix.Defense.Poison""))))","((GameplayTags=((TagName=""Character.Monster.Vespid.Flier.Normal""),(TagName=""Character.Monster.Vespid.Soldier.Normal""))))","(GameplayTags=((TagName=""Region.GoblinIsle.InfestedForest"")))","1.000000","1.000000","False",""
IF4-5pass,"NSLOCTEXT(""AreaTable"", ""80D22CCE4F6F28978AD492898C377B0E"", ""Last Passage"")","NSLOCTEXT(""AreaTable"", ""5EA293E94A8703E453F3518E507DBFBF"", ""Second Last Passage"")","None","GFinfested4_Progressive_Pass","Open","/Game/Environments/Levels/Forts/rules/Infested/Area_if_PlayerFort_IF4-5pass.Area_if_PlayerFort_IF4-5pass_C","1.000000","(RowName=""IF4_Caves2_boss"")","(RowName=""InfestedForest5"")","(RowName="""")","(RowName="""")","(RowName="""")","(RowName="""")","(RowName="""")","(RowName="""")","(RowName="""")","(RowName="""")","(RowName="""")","(RowName="""")","(RowName="""")","(RowName="""")","(RowName="""")","(RowName="""")","(RowName="""")","(RowName="""")","(RowName="""")","A2C4Q1:Task_GotoLastPassage","False","1","True","True","False","True","False","27.000000","2.000000","False","True","False","False","False","False","","False","False","","(RowName=""Traps_Hyvid"")","(RowName="""")","None","1.000000","2.000000","0.000000","1.000000","1.000000","3000.000000","(TagName=""Element.Poison"")","(TagName=""Region.GoblinIsle.InfestedForest"")","(GameplayTags=)","(GameplayTags=)","(GameplayTags=)","(Map=())","(GameplayTags=)","(GameplayTags=)","(Map=())","1.000000","None","None","None","(RowName="""")","(RowName="""")","(RowName="""")","(X=0.000000,Y=0.000000)","True","False","True","True","False","False","(GameplayTags=)","(RowName="""")","(RowName="""")","(RowName="""")","(GameplayTags=)","0","(GameplayTags=)","0","(GameplayTags=)","((GameplayTags=((TagName=""Region.GoblinIsle.InfestedForest""))))","(GameplayTags=)","((GameplayTags=((TagName=""Element.Poison""),(TagName=""Affix.Effect.Poison""))),(GameplayTags=((TagName=""Affix.Defense.Poison""))))","","(GameplayTags=((TagName=""Region.GoblinIsle.InfestedForest"")))","1.000000","1.000000","False",""
InfestedForest5,"NSLOCTEXT(""AreaTable"", ""9C31F5834911B181202017AD90E0B16B"", ""Hyvid Capital"")","NSLOCTEXT(""AreaTable"", ""47CF4B9742003951385A46B8E804AE7E"", ""The Wastelands"")","Map_InfestedForestName","GFinfested5","Progressive","/Game/Environments/Levels/Goblinland/rules/InfestedForest5/Area_InfestedForest5_Capital.Area_InfestedForest5_Capital_C","2.000000","(RowName=""IF4-5pass"")","(RowName=""IF5_Caves2"")","(RowName=""IF5_Caves1"")","(RowName="""")","(RowName="""")","(RowName="""")","(RowName="""")","(RowName="""")","(RowName="""")","(RowName="""")","(RowName="""")","(RowName="""")","(RowName="""")","(RowName="""")","(RowName="""")","(RowName="""")","(RowName="""")","(RowName="""")","(RowName="""")","A2C5Q1:Task_GotoCapital","False","0","True","True","False","True","False","27.000000","1.990000","False","True","False","True","False","False","","False","True","","(RowName=""Traps_Hyvid"")","(RowName="""")","None","27.000000","1.990000","0.000000","1.000000","1.000000","3000.000000","(TagName=""Element.Poison"")","(TagName=""Region.GoblinIsle.InfestedForest"")","(GameplayTags=)","(GameplayTags=)","(GameplayTags=)","(Map=())","(GameplayTags=((TagName=""Theme.Generic""),(TagName=""Theme.Infested.Full""),(TagName=""Gadget.HarvestingNode.Metal.T1.GoblinIsle""),(TagName=""Gadget.HarvestingNode.Stone.T1.GoblinIsle""),(TagName=""Gadget.HarvestingNode.Wood.T1.GoblinIsle.Infested""),(TagName=""Gadget.Shrine.Global""),(TagName=""Gadget.Shrine.Hyvid""),(TagName=""MonsterSpawner.Quest.IF5""),(TagName=""MonsterSpawner.Encounter.IF5""),(TagName=""MonsterSpawner.HyvidArmorCrystal""),(TagName=""MonsterSpawner.StoneElemental.Hyvid""),(TagName=""MonsterSpawner.HyvidEggPod""),(TagName=""Theme.StoneElemental.Infested""),(TagName=""Gadget.Lore.ImperialGuardCorpse.3""),(TagName=""Gadget.Lore.EchoCrystal.IF5"")))","(GameplayTags=)","(Map=())","1.000000","None","None","None","(RowName=""Skill_PoisonCurePotion"")","(RowName="""")","(RowName="""")","(X=-20.000000,Y=20.000000)","True","False","True","True","False","False","(GameplayTags=)","(RowName="""")","(RowName="""")","(RowName="""")","(GameplayTags=)","0","(GameplayTags=)","0","(GameplayTags=((TagName=""Region.GoblinIsle.InfestedForest.IF5"")))","((GameplayTags=((TagName=""Region.GoblinIsle.InfestedForest""))),(GameplayTags=((TagName=""Item.Lore.Ember.2""))))","(GameplayTags=)","((GameplayTags=((TagName=""Element.Poison""),(TagName=""Affix.Effect.Poison""))),(GameplayTags=((TagName=""Affix.Defense.Poison""))))","((GameplayTags=((TagName=""Character.Monster.Global""),(TagName=""Character.Monster.PhaseBeast""),(TagName=""Character.Monster.StoneElemental.Vespid""),(TagName=""Character.Monster.Vespid.Soldier.Tough""),(TagName=""Character.Monster.Vespid.Guardian""),(TagName=""Character.Monster.Vespid.EggPod""),(TagName=""Character.Monster.Vespid.Egg""),(TagName=""Character.Monster.Vespid.Larvae""),(TagName=""Character.Monster.Prop.HyvidCrystal""))))","(GameplayTags=((TagName=""Region.GoblinIsle.InfestedForest"")))","0.750000","1.000000","False",""
IF5_Caves1,"NSLOCTEXT(""AreaTable"", ""87F8948440DA168C349F98A99D567C27"", ""Corrupted Vein"")","NSLOCTEXT(""AreaTable"", ""FF959AAF47EA62354DFD0AB13C00AE23"", ""Swamp Cave"")","Map_InfestedCaveName","GFinfested5","Progressive","/Game/Environments/Levels/Goblinland/rules/IF5_Caves1/Area_IF5_Caves1_ic2.Area_IF5_Caves1_ic2_C","2.000000","(RowName=""InfestedForest5"")","(RowName="""")","(RowName="""")","(RowName="""")","(RowName="""")","(RowName="""")","(RowName="""")","(RowName="""")","(RowName="""")","(RowName="""")","(RowName="""")","(RowName="""")","(RowName="""")","(RowName="""")","(RowName="""")","(RowName="""")","(RowName="""")","(RowName="""")","(RowName="""")","A2C5Q1:Task_GotoVein","False","0","False","False","False","True","False","28.000000","0.990000","False","True","False","False","False","False","((RowName=""NetherimSpellslinger_Story_Boss""))","False","False","","(RowName=""Traps_Hyvid"")","(RowName="""")","None","28.000000","0.990000","0.000000","1.000000","1.000000","2500.000000","(TagName=""Element.Poison"")","(TagName=""Region.GoblinIsle.InfestedForest"")","(GameplayTags=)","(GameplayTags=)","(GameplayTags=)","(Map=())","(GameplayTags=((TagName=""Theme.Generic""),(TagName=""Theme.Mine""),(TagName=""Theme.Infested.Hive""),(TagName=""Theme.Infested.Full""),(TagName=""Gadget.HarvestingNode.Metal.T1.GoblinIsle""),(TagName=""Gadget.HarvestingNode.Stone.T1.GoblinIsle""),(TagName=""Gadget.Shrine.Global""),(TagName=""Gadget.Shrine.Hyvid""),(TagName=""Gadget.Quest.GuardCocoon""),(TagName=""Gadget.PetCage.LowChance""),(TagName=""MonsterSpawner.HyvidArmorCrystal""),(TagName=""Gadget.Quest.CorruptEmberCrystal""),(TagName=""Gadget.Lore.EchoCrystal.IF5_Caves1"")))","(GameplayTags=)","(Map=())","1.000000","None","None","None","(RowName=""Skill_PoisonCurePotion"")","(RowName="""")","(RowName="""")","(X=-20.000000,Y=20.000000)","True","False","True","True","False","False","(GameplayTags=)","(RowName="""")","(RowName="""")","(RowName="""")","(GameplayTags=)","0","(GameplayTags=)","0","(GameplayTags=)","((GameplayTags=((TagName=""Region.GoblinIsle.InfestedForest""))))","(GameplayTags=)","((GameplayTags=((TagName=""Element.Poison""),(TagName=""Affix.Effect.Poison""))),(GameplayTags=((TagName=""Affix.Defense.Poison""))))","((GameplayTags=((TagName=""Character.Monster.Vespid.Charger.Newbie""),(TagName=""Character.Monster.Global""),(TagName=""Character.Monster.PhaseBeast""),(TagName=""Character.Monster.Netherim.Warrior""),(TagName=""Character.Monster.Vespid.Flier.Normal""),(TagName=""Character.Monster.Vespid.Soldier.Tough""),(TagName=""Character.Monster.Prop.HyvidCrystal""))))","(GameplayTags=((TagName=""Region.GoblinIsle.InfestedForest"")))","1.000000","1.000000","False",""
IF5_Caves2,"NSLOCTEXT(""AreaTable"", ""275D1B524B42446424B0F19CE679973E"", ""Sanctum of the Swarm"")","NSLOCTEXT(""AreaTable"", ""D87CCA2F466D3E76B3C2D2BDF2DE113B"", ""Swarm Cave"")","Map_InfestedCaveName","GFinfested5","Progressive","/Game/Environments/Levels/Goblinland/rules/IF5_Caves2/Area_IF5_Caves2_ic3_Nether.Area_IF5_Caves2_ic3_Nether_C","2.000000","(RowName=""InfestedForest5"")","(RowName=""IF5_Caves2a"")","(RowName="""")","(RowName="""")","(RowName="""")","(RowName="""")","(RowName="""")","(RowName="""")","(RowName="""")","(RowName="""")","(RowName="""")","(RowName="""")","(RowName="""")","(RowName="""")","(RowName="""")","(RowName="""")","(RowName="""")","(RowName="""")","(RowName="""")","A2C5Q2:Task_GotoSanctum","False","0","False","False","False","True","False","29.000000","0.990000","False","True","False","False","False","False","((RowName=""NetherimWarrior_Story_Boss""))","False","False","","(RowName=""Traps_Hyvid"")","(RowName="""")","None","29.000000","0.990000","0.000000","1.000000","1.000000","2500.000000","(TagName=""Element.Poison"")","(TagName=""Region.GoblinIsle.InfestedForest"")","(GameplayTags=)","(GameplayTags=)","(GameplayTags=)","(Map=())","(GameplayTags=((TagName=""Theme.Generic""),(TagName=""Theme.Mine""),(TagName=""Theme.Infested.Hive""),(TagName=""Theme.Infested.Full""),(TagName=""Gadget.HarvestingNode.Metal.T1.GoblinIsle""),(TagName=""Gadget.HarvestingNode.Stone.T1.GoblinIsle""),(TagName=""Gadget.Shrine.Global""),(TagName=""Gadget.Shrine.Hyvid""),(TagName=""Gadget.PetCage.LowChance""),(TagName=""MonsterSpawner.HyvidArmorCrystal""),(TagName=""Gadget.Lore.LoreSkulls""),(TagName=""Gadget.Lore.EchoCrystal.IF5_Caves2"")))","(GameplayTags=)","(Map=())","1.000000","None","None","None","(RowName=""Skill_PoisonCurePotion"")","(RowName="""")","(RowName="""")","(X=-20.000000,Y=20.000000)","True","False","True","True","False","False","(GameplayTags=)","(RowName="""")","(RowName="""")","(RowName="""")","(GameplayTags=)","0","(GameplayTags=)","0","(GameplayTags=)","((GameplayTags=((TagName=""Region.GoblinIsle.InfestedForest""))),(GameplayTags=((TagName=""Item.Lore.TorchlightHistory.5""))))","(GameplayTags=)","((GameplayTags=((TagName=""Element.Poison""),(TagName=""Affix.Effect.Poison""))),(GameplayTags=((TagName=""Affix.Defense.Poison""))))","((GameplayTags=((TagName=""Character.Monster.Global""),(TagName=""Character.Monster.PhaseBeast""),(TagName=""Character.Monster.Netherim.Warrior""),(TagName=""Character.Monster.Netherim.Netherling""),(TagName=""Character.Monster.Vespid.Charger.Normal""),(TagName=""Character.Monster.Vespid.Flier.Normal""),(TagName=""Character.Monster.Prop.HyvidCrystal""))))","(GameplayTags=((TagName=""Region.GoblinIsle.InfestedForest"")))","1.000000","1.000000","False",""
IF5_Caves2a,"NSLOCTEXT(""AreaTable"", ""8D41B256452DCA0786D8579FDF2ECEF3"", ""Twilight Depths"")","NSLOCTEXT(""AreaTable"", ""E63F7B2C44BC4C34F5A3E5A1B20FBD39"", ""Feeding Den"")","Map_InfestedCaveName","GFinfested5","Progressive","/Game/Environments/Levels/Goblinland/rules/IF5_Caves2a/Area_IF5_Caves2a_ic3_Nether.Area_IF5_Caves2a_ic3_Nether_C","2.000000","(RowName=""IF5_Caves2"")","(RowName=""IF5_Caves2b_boss"")","(RowName="""")","(RowName="""")","(RowName="""")","(RowName="""")","(RowName="""")","(RowName="""")","(RowName="""")","(RowName="""")","(RowName="""")","(RowName="""")","(RowName="""")","(RowName="""")","(RowName="""")","(RowName="""")","(RowName="""")","(RowName="""")","(RowName="""")","A2C5Q2:Task_GotoTwilight","False","0","False","False","False","True","False","30.000000","0.990000","False","True","False","False","False","False","","False","False","","(RowName=""Traps_Hyvid"")","(RowName="""")","None","30.000000","0.990000","0.000000","1.000000","1.000000","3000.000000","(TagName=""Element.Physical"")","(TagName=""Region.GoblinIsle.InfestedForest"")","(GameplayTags=)","(GameplayTags=)","(GameplayTags=)","(Map=())","(GameplayTags=((TagName=""Theme.Generic""),(TagName=""Theme.Infested.Full""),(TagName=""Gadget.HarvestingNode.Metal.T1.GoblinIsle""),(TagName=""Gadget.HarvestingNode.Stone.T1.GoblinIsle""),(TagName=""Gadget.HarvestingNode.Wood.T1.GoblinIsle.Infested""),(TagName=""Gadget.Shrine.Global""),(TagName=""Gadget.Lore.EchoCrystal.IF5_Caves2a"")))","(GameplayTags=)","(Map=())","1.000000","None","None","None","(RowName=""Skill_Potion"")","(RowName="""")","(RowName="""")","(X=-20.000000,Y=20.000000)","True","False","True","True","False","False","(GameplayTags=)","(RowName="""")","(RowName="""")","(RowName="""")","(GameplayTags=)","0","(GameplayTags=)","0","(GameplayTags=)","((GameplayTags=((TagName=""Region.GoblinIsle.InfestedForest""))))","(GameplayTags=)","((GameplayTags=((TagName=""Element.Physical""),(TagName=""Affix.Effect.Physical""))),(GameplayTags=((TagName=""Affix.Defense.Physical""))))","((GameplayTags=((TagName=""Character.Monster.Global""),(TagName=""Character.Monster.PhaseBeast""),(TagName=""Character.Monster.Netherim.WarriorArmored""),(TagName=""Character.Monster.Netherim.Netherling""),(TagName=""Character.Monster.Netherim.Spellslinger""),(TagName=""Character.Monster.Shadowbeast.Normal""))))","(GameplayTags=((TagName=""Region.GoblinIsle.InfestedForest"")))","1.000000","1.000000","False",""
IF5_Caves2b_boss,"NSLOCTEXT(""AreaTable"", ""80AA367C4AF9D0241E2C64A863FE521B"", ""Netherim Chamber"")","NSLOCTEXT(""AreaTable"", ""A65FBB5D403187C6125E73BB86ED6D03"", ""The Hive"")","Map_InfestedCaveName","GFinfested5","Progressive","/Game/Environments/Levels/Goblinland/rules/IF5_Caves3_boss/Area_IF5_Caves3_ic2_boss.Area_IF5_Caves3_ic2_boss_C","1.000000","(RowName=""IF5_Caves2a"")","(RowName="""")","(RowName="""")","(RowName="""")","(RowName="""")","(RowName="""")","(RowName="""")","(RowName="""")","(RowName="""")","(RowName="""")","(RowName="""")","(RowName="""")","(RowName="""")","(RowName="""")","(RowName="""")","(RowName="""")","(RowName="""")","(RowName="""")","(RowName="""")","A2C5Q2:Task_GotoBossArena","False","0","False","False","False","False","False","31.000000","0.000000","False","False","False","False","False","False","((RowName=""Sadista""))","False","False","","(RowName=""Traps_Hyvid"")","(RowName="""")","None","31.000000","0.000000","0.000000","1.000000","3.000000","2500.000000","(TagName=""Element.Poison"")","(TagName=""Region.GoblinIsle.InfestedForest"")","(GameplayTags=)","(GameplayTags=)","(GameplayTags=)","(Map=())","(GameplayTags=((TagName=""Theme.Generic""),(TagName=""Theme.Infested.Full""),(TagName=""Gadget.PetCage.HighChance"")))","(GameplayTags=)","(Map=())","1.000000","None","None","None","(RowName=""Skill_PoisonCurePotion"")","(RowName="""")","(RowName="""")","(X=-20.000000,Y=20.000000)","True","False","False","True","False","False","(GameplayTags=((TagName=""Skill.Stuck"")))","(RowName="""")","(RowName="""")","(RowName="""")","(GameplayTags=)","0","(GameplayTags=)","0","(GameplayTags=)","((GameplayTags=((TagName=""Region.GoblinIsle.InfestedForest""))))","(GameplayTags=)","((GameplayTags=((TagName=""Element.Poison""),(TagName=""Affix.Effect.Poison""))),(GameplayTags=((TagName=""Affix.Defense.Poison""))))","((GameplayTags=((TagName=""Character.Monster.Vespid.Flier.Newbie""),(TagName=""Character.Monster.Vespid.Soldier.Newbie""),(TagName=""Character.Monster.Vespid.Larvae""))))","(GameplayTags=((TagName=""Region.GoblinIsle.InfestedForest"")))","1.000000","1.000000","False",""
EchonokMountains0_Town,"NSLOCTEXT(""AreaTable"", ""04987197406E5C7DF5A38B8ECE30B713"", ""Echo Landing"")","NSLOCTEXT(""AreaTable"", ""B0FE19A14F378A4CF1DEC790568BB44B"", ""Echo Echo"")","None","EchonokMountains0_Town","Town","/Game/Environments/Levels/echonok/rules/EchonokMountains0_Town/Area_EchonokMountains0_Town.Area_EchonokMountains0_Town_C","1.000000","(RowName=""InfestedForest0_Town"")","(RowName=""EM0-1pass"")","(RowName="""")","(RowName="""")","(RowName="""")","(RowName="""")","(RowName="""")","(RowName="""")","(RowName="""")","(RowName="""")","(RowName="""")","(RowName="""")","(RowName="""")","(RowName="""")","(RowName="""")","(RowName="""")","(RowName="""")","(RowName="""")","(RowName="""")","A3C1Q0:Task_GotoTown","False","0","True","True","False","True","False","31.000000","0.000000","False","True","False","True","False","False","","False","False","","(RowName="""")","(RowName="""")","None","31.000000","0.000000","0.000000","1.000000","1.000000","3000.000000","(TagName=""Element.Electric"")","(TagName=""Region.RedHavenCoast.EchonokMountains"")","(GameplayTags=)","(GameplayTags=)","(GameplayTags=)","(Map=())","(GameplayTags=((TagName=""Character.NPC.QuestGiver.Gwinna""),(TagName=""Character.NPC.QuestGiver.Kenik""),(TagName=""Character.NPC.QuestGiver.Wolfram""),(TagName=""Character.NPC.QuestGiver.MayorHilde""),(TagName=""Character.NPC.QuestGiver.Zephoras""),(TagName=""Character.NPC.QuestGiver.LtHix.Act3""),(TagName=""Character.NPC.QuestGiver.LtHix.Act3.Town""),(TagName=""Character.NPC.Townsfolk""),(TagName=""Character.NPC.QuestGiver.GeneralGraye.Act3"")))","(GameplayTags=)","(Map=())","1.000000","None","None","None","(RowName=""Skill_Potion"")","(RowName="""")","(RowName="""")","(X=0.000000,Y=0.000000)","False","False","True","True","False","False","(GameplayTags=((TagName=""Skill.Portal"")))","(RowName="""")","(RowName="""")","(RowName="""")","(GameplayTags=)","0","(GameplayTags=)","0","(GameplayTags=)","((GameplayTags=((TagName=""Region.RedHavenCoast.EchonokMountains""))),(GameplayTags=((TagName=""Item.Lore.Zephoras.2""))))","(GameplayTags=)","((GameplayTags=((TagName=""Element.Electric""),(TagName=""Affix.Effect.Electric""))),(GameplayTags=((TagName=""Affix.Defense.Electric""))))","","(GameplayTags=((TagName=""Region.RedHavenCoast.EchonokMountains"")))","1.000000","1.000000","False",""
EM0-1pass,"NSLOCTEXT(""AreaTable"", ""D8947ECB479874CD26525D8EFD739AEC"", ""Ascent of Echoes"")","NSLOCTEXT(""AreaTable"", ""1BAA65EC48799354FE0DB695E42233DA"", ""Mountain Approach"")","None","EM1_Pass","Progressive","/Game/Environments/Levels/echonok/rules/EM0-1pass/Area_EM0-1pass.Area_EM0-1pass_C","1.000000","(RowName=""EchonokMountains0_Town"")","(RowName=""EchonokMountains1"")","(RowName="""")","(RowName="""")","(RowName="""")","(RowName="""")","(RowName="""")","(RowName="""")","(RowName="""")","(RowName="""")","(RowName="""")","(RowName="""")","(RowName="""")","(RowName="""")","(RowName="""")","(RowName="""")","(RowName="""")","(RowName="""")","(RowName="""")","A3C1Q0:Task_GotoAscent","False","0","True","True","False","True","False","31.000000","0.990000","False","True","False","False","False","False","","False","False","","(RowName=""Traps_Echonok"")","(RowName="""")","None","31.000000","0.990000","0.000000","1.000000","1.000000","3000.000000","(TagName=""Element.Physical"")","(TagName=""Region.RedHavenCoast.EchonokMountains"")","(GameplayTags=)","(GameplayTags=)","(GameplayTags=)","(Map=())","(GameplayTags=((TagName=""Character.NPC""),(TagName=""MonsterSpawner.Strider""),(TagName=""MonsterSpawner.StoneElemental.Echonok""),(TagName=""Gadget.HarvestingNode.Stone.T1.RedHaven.Echonok.Exterior""),(TagName=""Gadget.HarvestingNode.Metal.T1.RedHaven.Echonok.Exterior""),(TagName=""Gadget.HarvestingNode.Wood.T1.RedHaven.Echonok.Exterior""),(TagName=""Theme.StoneElemental.Echonok""),(TagName=""Gadget.Lore.EchoCrystal.EM0-1pass"")))","(GameplayTags=)","(Map=())","1.000000","None","None","None","(RowName=""Skill_Potion"")","(RowName="""")","(RowName="""")","(X=0.000000,Y=0.000000)","True","False","True","True","False","False","(GameplayTags=)","(RowName="""")","(RowName="""")","(RowName="""")","(GameplayTags=((TagName=""Loading.Interior"")))","0","(GameplayTags=)","0","(GameplayTags=)","((GameplayTags=((TagName=""Region.RedHavenCoast.EchonokMountains""))))","(GameplayTags=)","((GameplayTags=((TagName=""Element.Electric""),(TagName=""Affix.Effect.Electric""))),(GameplayTags=((TagName=""Affix.Defense.Electric""))))","((GameplayTags=((TagName=""Character.Monster.Global""),(TagName=""Character.Monster.Strider.Thorned""),(TagName=""Character.Monster.Rat.Mountain""),(TagName=""Character.Monster.StoneElemental.Echonok.Mini""))))","(GameplayTags=((TagName=""Region.RedHavenCoast.EchonokMountains"")))","1.000000","1.000000","False",""
EchonokMountains1,"NSLOCTEXT(""AreaTable"", ""E0EE10724B7B0E383E322BB840785DD9"", ""Grand Hall"")","NSLOCTEXT(""AreaTable"", ""A3E2FBC54B946C700452C88035A3379C"", ""Dwarven Ruins"")","Map_EchoInteriorName","EM1","Progressive","/Game/Environments/Levels/echonok/rules/EchonokMountains1/Area_EchonokMountains1.Area_EchonokMountains1_C","1.000000","(RowName=""EM0-1pass"")","(RowName=""EM1-2pass"")","(RowName=""EM1_Interior1"")","(RowName=""EM1_Interior2"")","(RowName=""EM1_Exterior1"")","(RowName="""")","(RowName="""")","(RowName="""")","(RowName="""")","(RowName="""")","(RowName="""")","(RowName="""")","(RowName="""")","(RowName="""")","(RowName="""")","(RowName="""")","(RowName="""")","(RowName="""")","(RowName="""")","A3C1Q1:Task_GotoGrandHall","False","0","True","True","False","True","False","32.000000","2.990000","False","True","False","True","False","False","","False","False","","(RowName=""Traps_Echonok"")","(RowName="""")","None","32.000000","2.990000","0.000000","1.000000","1.000000","3000.000000","(TagName=""Element.Electric"")","(TagName=""Region.RedHavenCoast.EchonokMountains"")","(GameplayTags=)","(GameplayTags=((TagName=""Character.Monster.Day"")))","(GameplayTags=((TagName=""Character.Monster.Night"")))","(Map=())","(GameplayTags=((TagName=""Theme.Generic""),(TagName=""Theme.Quest.GrandHall""),(TagName=""Gadget.Shrine.Global""),(TagName=""Gadget.Shrine.Voltura""),(TagName=""MonsterSpawner.BossFight""),(TagName=""MonsterSpawner.Quest""),(TagName=""Gadget.HarvestingNode.Metal.T1.RedHaven.Echonok.Interior""),(TagName=""Gadget.HarvestingNode.Stone.T1.RedHaven.Echonok.Interior""),(TagName=""Gadget.HarvestingNode.Wood.T1.RedHaven.Echonok.Interior""),(TagName=""Theme.Echonok""),(TagName=""Gadget.Quest""),(TagName=""Gadget.Lore.EchoContainer.2""),(TagName=""Gadget.Lore.EchoContainer.4""),(TagName=""Gadget.Lore.EchoCrystal.EM1"")))","(GameplayTags=)","(Map=())","1.000000","None","None","None","(RowName=""Skill_Potion"")","(RowName="""")","(RowName="""")","(X=-20.000000,Y=20.000000)","True","False","True","True","False","False","(GameplayTags=)","(RowName="""")","(RowName="""")","(RowName="""")","(GameplayTags=((TagName=""Loading.Interior"")))","0","(GameplayTags=)","0","(GameplayTags=)","((GameplayTags=((TagName=""Region.RedHavenCoast.EchonokMountains""))),(GameplayTags=((TagName=""Item.Lore.DwarvenRuins.2""),(TagName=""Item.Lore.Voltura.1""))))","(GameplayTags=)","((GameplayTags=((TagName=""Element.Electric""),(TagName=""Affix.Effect.Electric""))),(GameplayTags=((TagName=""Affix.Defense.Electric""))))","((GameplayTags=((TagName=""Character.Monster.Voltura.Glider""),(TagName=""Character.Monster.Voltura.Gunner""),(TagName=""Character.Monster.Spider.Physical.Melee""),(TagName=""Character.Monster.PhaseBeast""),(TagName=""Character.Monster.Spider.Physical.Ranged""),(TagName=""Character.Monster.Rat.Mountain""))))","(GameplayTags=((TagName=""Region.RedHavenCoast.EchonokMountains"")))","1.000000","1.000000","False",""
EM1_Exterior1,"NSLOCTEXT(""AreaTable"", ""0E7F924B44DAC596323D6B9E113B7E42"", ""Cliffs of Ore"")","NSLOCTEXT(""AreaTable"", ""2C8565094FCDDF625D4CE9B2F2D93A70"", ""Eternal Heights"")","Map_EchoExteriorName","EM1","Progressive","/Game/Environments/Levels/echonok/rules/EM1_Exterior1/Area_EM1_Exterior1.Area_EM1_Exterior1_C","6.000000","(RowName=""EchonokMountains1"")","(RowName=""EM1_Interior2a_boss"")","(RowName="""")","(RowName="""")","(RowName="""")","(RowName="""")","(RowName="""")","(RowName="""")","(RowName="""")","(RowName="""")","(RowName="""")","(RowName="""")","(RowName="""")","(RowName="""")","(RowName="""")","(RowName="""")","(RowName="""")","(RowName="""")","(RowName="""")","A3C1Q1:Task_GotoCliffs","False","0","True","True","False","True","False","33.000000","0.990000","False","True","False","False","False","False","((RowName=""VolturaBomber_Story_Boss""))","False","False","","(RowName=""Traps_Echonok"")","(RowName="""")","None","33.000000","0.990000","0.000000","1.000000","1.000000","3000.000000","(TagName=""Element.Electric"")","(TagName=""Region.RedHavenCoast.EchonokMountains"")","(GameplayTags=)","(GameplayTags=((TagName=""Character.Monster.Day"")))","(GameplayTags=((TagName=""Character.Monster.Night"")))","(Map=())","(GameplayTags=((TagName=""Theme.Generic""),(TagName=""MonsterSpawner.Quest""),(TagName=""Theme.Echonok""),(TagName=""Gadget.Shrine.Global""),(TagName=""Gadget.Shrine.Voltura""),(TagName=""Gadget.PetCage.LowChance""),(TagName=""Gadget.HarvestingNode.Metal.T1.RedHaven.Echonok.Exterior""),(TagName=""Gadget.HarvestingNode.Stone.T1.RedHaven.Echonok.Exterior""),(TagName=""Gadget.HarvestingNode.Wood.T1.RedHaven.Echonok.Exterior""),(TagName=""MonsterSpawner.PowerCoil""),(TagName=""Gadget.Lore.EchoContainer.4""),(TagName=""Gadget.Lore.EchoCrystal.EM1_Exterior1"")))","(GameplayTags=)","(Map=())","1.000000","None","None","None","(RowName=""Skill_Potion"")","(RowName="""")","(RowName="""")","(X=-20.000000,Y=20.000000)","True","False","True","True","False","False","(GameplayTags=)","(RowName="""")","(RowName="""")","(RowName="""")","(GameplayTags=((TagName=""Loading.Exterior"")))","0","(GameplayTags=((TagName=""MapWorks.Dungeon.Echonok"")))","1","(GameplayTags=)","((GameplayTags=((TagName=""Region.RedHavenCoast.EchonokMountains""))),(GameplayTags=((TagName=""Item.Lore.Voltura.2""))))","(GameplayTags=)","((GameplayTags=((TagName=""Element.Electric""),(TagName=""Affix.Effect.Electric""))),(GameplayTags=((TagName=""Affix.Defense.Electric""))))","((GameplayTags=((TagName=""Character.Monster.Voltura.Glider""),(TagName=""Character.Monster.Voltura.Gunner""),(TagName=""Character.Monster.PowerCoil""),(TagName=""Character.Monster.PhaseBeast""))))","(GameplayTags=((TagName=""Region.RedHavenCoast.EchonokMountains"")))","1.000000","1.000000","False",""
EM1_Interior1,"NSLOCTEXT(""AreaTable"", ""1C498F6646C8E1CDD9F7A29402F05EE6"", ""Amber Hold"")","NSLOCTEXT(""AreaTable"", ""41173E88447EC9E686D26CB93C083214"", ""King\'s Stash"")","Map_EchoInteriorName","EM1","Progressive","/Game/Environments/Levels/echonok/rules/EM1_Interior1/Area_EM1_Interior1.Area_EM1_Interior1_C","7.000000","(RowName=""EchonokMountains1"")","(RowName="""")","(RowName="""")","(RowName="""")","(RowName="""")","(RowName="""")","(RowName="""")","(RowName="""")","(RowName="""")","(RowName="""")","(RowName="""")","(RowName="""")","(RowName="""")","(RowName="""")","(RowName="""")","(RowName="""")","(RowName="""")","(RowName="""")","(RowName="""")","A3C1Q1:Task_GotoAmberHold","False","0","True","True","True","True","False","34.000000","0.990000","False","True","False","True","False","False","((RowName=""Spider_Electric_Rando_Boss""))","False","False","","(RowName=""Traps_Echonok"")","(RowName="""")","None","34.000000","0.990000","0.000000","1.000000","1.000000","3000.000000","(TagName=""Element.Electric"")","(TagName=""Region.RedHavenCoast.EchonokMountains"")","(GameplayTags=)","(GameplayTags=((TagName=""Character.Monster.Day"")))","(GameplayTags=((TagName=""Character.Monster.Night"")))","(Map=())","(GameplayTags=((TagName=""Theme.Generic""),(TagName=""Character.NPC""),(TagName=""Gadget.Shrine.Global""),(TagName=""Gadget.Shrine.Voltura""),(TagName=""Gadget.HarvestingNode.Metal.T1.RedHaven.Echonok.Interior""),(TagName=""Gadget.HarvestingNode.Stone.T1.RedHaven.Echonok.Interior""),(TagName=""Gadget.HarvestingNode.Wood.T1.RedHaven.Echonok.Interior""),(TagName=""Theme.Echonok""),(TagName=""Gadget.PetCage.MedChance""),(TagName=""Gadget.Lore.EchoContainer.2""),(TagName=""Gadget.Lore.EchoCrystal.EM1_Interior1"")))","(GameplayTags=)","(Map=())","1.000000","None","None","None","(RowName=""Skill_Potion"")","(RowName="""")","(RowName="""")","(X=-20.000000,Y=20.000000)","True","False","True","True","False","False","(GameplayTags=)","(RowName="""")","(RowName="""")","(RowName="""")","(GameplayTags=((TagName=""Loading.Interior"")))","0","(GameplayTags=((TagName=""MapWorks.Dungeon.Echonok"")))","1","(GameplayTags=)","((GameplayTags=((TagName=""Region.RedHavenCoast.EchonokMountains""))),(GameplayTags=((TagName=""Item.Lore.AstralDoor.1""),(TagName=""Item.Lore.AstralDoor.2""),(TagName=""Item.Lore.AstralDoor.3""),(TagName=""Item.Lore.Ember.3""))))","(GameplayTags=)","((GameplayTags=((TagName=""Element.Electric""),(TagName=""Affix.Effect.Electric""))),(GameplayTags=((TagName=""Affix.Defense.Electric""))))","((GameplayTags=((TagName=""Character.Monster.Spider.Physical.Melee""),(TagName=""Character.Monster.ForestLurker""),(TagName=""Character.Monster.Spider.Physical.Ranged""),(TagName=""Character.Monster.Automaton.Exploderbot""),(TagName=""Character.Monster.PhaseBeast""))))","(GameplayTags=((TagName=""Region.RedHavenCoast.EchonokMountains"")))","1.000000","1.000000","False",""
EM1_Interior2,"NSLOCTEXT(""AreaTable"", ""B4AA6724432A8B982DCA238E39C67DE8"", ""Library of Firebeard\'s Legacy"")","NSLOCTEXT(""AreaTable"", ""5500C95446B8B2CE99C6DE8B586A0B65"", ""Biblioteka"")","Map_EchoInteriorName","EM1","Progressive","/Game/Environments/Levels/echonok/rules/EM1_Interior2/Area_EM1_Interior2.Area_EM1_Interior2_C","6.000000","(RowName=""EchonokMountains1"")","(RowName=""EM1_Interior2a_boss"")","(RowName="""")","(RowName="""")","(RowName="""")","(RowName="""")","(RowName="""")","(RowName="""")","(RowName="""")","(RowName="""")","(RowName="""")","(RowName="""")","(RowName="""")","(RowName="""")","(RowName="""")","(RowName="""")","(RowName="""")","(RowName="""")","(RowName="""")","A3C1Q2:Task_GotoLibrary","False","0","True","True","False","True","False","35.000000","0.990000","False","True","False","False","False","False","","False","False","","(RowName=""Traps_Echonok"")","(RowName="""")","None","35.000000","0.990000","0.000000","1.000000","1.000000","3000.000000","(TagName=""Element.Electric"")","(TagName=""Region.RedHavenCoast.EchonokMountains"")","(GameplayTags=)","(GameplayTags=((TagName=""Character.Monster.Day"")))","(GameplayTags=((TagName=""Character.Monster.Night"")))","(Map=())","(GameplayTags=((TagName=""Theme.Generic""),(TagName=""Character.NPC""),(TagName=""Gadget.Shrine.Global""),(TagName=""Gadget.Shrine.Voltura""),(TagName=""Gadget.HarvestingNode.Metal.T1.RedHaven.Echonok.Interior""),(TagName=""Gadget.HarvestingNode.Stone.T1.RedHaven.Echonok.Interior""),(TagName=""Gadget.HarvestingNode.Wood.T1.RedHaven.Echonok.Interior""),(TagName=""Theme.Echonok""),(TagName=""Gadget.Lore.GoblinGraffiti.EM1_Interior2""),(TagName=""Gadget.Lore.EchoCrystal.EM1_Interior2"")))","(GameplayTags=)","(Map=())","1.000000","None","None","None","(RowName=""Skill_Potion"")","(RowName="""")","(RowName="""")","(X=0.000000,Y=0.000000)","True","False","True","True","False","False","(GameplayTags=)","(RowName="""")","(RowName="""")","(RowName="""")","(GameplayTags=((TagName=""Loading.Interior"")))","0","(GameplayTags=)","0","(GameplayTags=)","((GameplayTags=((TagName=""Region.RedHavenCoast.EchonokMountains""))))","(GameplayTags=)","((GameplayTags=((TagName=""Element.Electric""),(TagName=""Affix.Effect.Electric""))),(GameplayTags=((TagName=""Affix.Defense.Electric""))))","((GameplayTags=((TagName=""Character.Monster.Goblin.Chanter.Normal.Blue""),(TagName=""Character.Monster.Goblin.Brute.Blue""),(TagName=""Character.Monster.Goblin.Stabby.Blue""),(TagName=""Character.Monster.Goblin.Bomber.Blue""),(TagName=""Character.Monster.PhaseBeast""))))","(GameplayTags=((TagName=""Region.RedHavenCoast.EchonokMountains"")))","1.000000","1.000000","False",""
EM1_Interior2a_boss,"NSLOCTEXT(""AreaTable"", ""1932CC6B4ACC1C9105D8A7BE22D8501A"", ""Archives"")","NSLOCTEXT(""AreaTable"", ""24E4C4604F3DF3922E0140B88FE2C57F"", ""Forgotten Cache"")","Map_EchoInteriorName","EM1","Progressive","/Game/Environments/Levels/echonok/rules/EM1_Interior2a_boss/Area_EM1_Interior2a_boss.Area_EM1_Interior2a_boss_C","3.000000","(RowName=""EM1_Interior2"")","(RowName="""")","(RowName="""")","(RowName="""")","(RowName="""")","(RowName="""")","(RowName="""")","(RowName="""")","(RowName="""")","(RowName="""")","(RowName="""")","(RowName="""")","(RowName="""")","(RowName="""")","(RowName="""")","(RowName="""")","(RowName="""")","(RowName="""")","(RowName="""")","A3C1Q2:Task_KillBoss","False","0","True","True","False","False","False","36.000000","0.000000","False","True","False","False","False","False","((RowName=""Goblin_Brute_Story_Boss3""))","False","False","","(RowName=""Traps_Echonok"")","(RowName="""")","None","36.000000","0.000000","0.000000","1.000000","3.000000","3000.000000","(TagName=""Element.Electric"")","(TagName=""Region.RedHavenCoast.EchonokMountains"")","(GameplayTags=)","(GameplayTags=((TagName=""Character.Monster.Day"")))","(GameplayTags=((TagName=""Character.Monster.Night"")))","(Map=())","(GameplayTags=((TagName=""Theme.Generic""),(TagName=""Character.NPC""),(TagName=""Gadget.Shrine.Global""),(TagName=""Gadget.Shrine.Voltura""),(TagName=""Gadget.HarvestingNode.Metal.T1.RedHaven.Echonok.Interior""),(TagName=""Gadget.HarvestingNode.Stone.T1.RedHaven.Echonok.Interior""),(TagName=""Gadget.HarvestingNode.Wood.T1.RedHaven.Echonok.Interior""),(TagName=""Theme.Echonok""),(TagName=""Gadget.Quest""),(TagName=""Gadget.PetCage.HighChance""),(TagName=""Gadget.Lore.GoblinGraffiti.EM1_Interior2A_Boss"")))","(GameplayTags=)","(Map=())","1.000000","None","None","None","(RowName=""Skill_Potion"")","(RowName="""")","(RowName="""")","(X=0.000000,Y=0.000000)","True","False","False","True","False","False","(GameplayTags=((TagName=""Skill.Stuck"")))","(RowName="""")","(RowName="""")","(RowName="""")","(GameplayTags=((TagName=""Loading.Interior"")))","0","(GameplayTags=)","0","(GameplayTags=)","((GameplayTags=((TagName=""Region.RedHavenCoast.EchonokMountains""))))","(GameplayTags=)","((GameplayTags=((TagName=""Element.Electric""),(TagName=""Affix.Effect.Electric""))),(GameplayTags=((TagName=""Affix.Defense.Electric""))))","((GameplayTags=((TagName=""Character.Monster.Goblin.AllBlue""))))","(GameplayTags=((TagName=""Region.RedHavenCoast.EchonokMountains"")))","1.000000","1.000000","False",""
EM1-2pass,"NSLOCTEXT(""AreaTable"", ""8146AC1041A8C6E125B8B894ACCD04FC"", ""Perilous Climb"")","NSLOCTEXT(""AreaTable"", ""97C0D8354644A1C879CA27870FB0ED06"", ""Copy of Perilous Climb"")","None","EM2_Pass","Open","/Game/Environments/Levels/Forts/rules/Echonok/Area_echo_PlayerFort_1-2.Area_echo_PlayerFort_1-2_C","1.000000","(RowName=""EchonokMountains1"")","(RowName=""EchonokMountains2"")","(RowName="""")","(RowName="""")","(RowName="""")","(RowName="""")","(RowName="""")","(RowName="""")","(RowName="""")","(RowName="""")","(RowName="""")","(RowName="""")","(RowName="""")","(RowName="""")","(RowName="""")","(RowName="""")","(RowName="""")","(RowName="""")","(RowName="""")","None","False","1","True","True","False","True","False","36.000000","0.000000","False","True","False","False","False","False","","False","False","","(RowName=""Traps_Echonok"")","(RowName="""")","None","36.000000","0.000000","0.000000","1.000000","1.000000","3000.000000","(TagName=""Element.Electric"")","(TagName=""Region.RedHavenCoast.EchonokMountains"")","(GameplayTags=)","(GameplayTags=((TagName=""Character.Monster.Day"")))","(GameplayTags=((TagName=""Character.Monster.Night"")))","(Map=())","(GameplayTags=((TagName=""Theme.Generic""),(TagName=""Gadget.Shrine.Global""),(TagName=""Gadget.Shrine.Voltura""),(TagName=""Character.NPC""),(TagName=""Gadget.HarvestingNode.Wood.T1.RedHaven.Echonok.Exterior""),(TagName=""Gadget.HarvestingNode.Stone.T1.RedHaven.Echonok.Exterior""),(TagName=""Gadget.HarvestingNode.Metal.T1.RedHaven.Echonok.Exterior""),(TagName=""Theme.Echonok"")))","(GameplayTags=)","(Map=())","1.000000","None","None","None","(RowName=""Skill_Potion"")","(RowName="""")","(RowName="""")","(X=0.000000,Y=0.000000)","True","False","True","True","False","False","(GameplayTags=)","(RowName="""")","(RowName="""")","(RowName="""")","(GameplayTags=((TagName=""Loading.Exterior"")))","0","(GameplayTags=)","0","(GameplayTags=)","((GameplayTags=((TagName=""Region.RedHavenCoast.EchonokMountains""))))","(GameplayTags=)","((GameplayTags=((TagName=""Element.Electric""),(TagName=""Affix.Effect.Electric""))),(GameplayTags=((TagName=""Affix.Defense.Electric""))))","","(GameplayTags=((TagName=""Region.RedHavenCoast.EchonokMountains"")))","1.000000","1.000000","False",""
EchonokMountains2,"NSLOCTEXT(""AreaTable"", ""315622D04F8863D19176BB874EB5304D"", ""Machineworks"")","NSLOCTEXT(""AreaTable"", ""076919EB49DCF2369986419D4BA00F25"", ""Steamworks"")","Map_EchoInteriorName","EM2","Progressive","/Game/Environments/Levels/echonok/rules/EchonokMountains2/Area_EchonokMountains2.Area_EchonokMountains2_C","3.000000","(RowName=""EM1-2pass"")","(RowName=""EM2-3pass"")","(RowName=""EM2_Interior1"")","(RowName=""EM2_Interior2"")","(RowName="""")","(RowName="""")","(RowName="""")","(RowName="""")","(RowName="""")","(RowName="""")","(RowName="""")","(RowName="""")","(RowName="""")","(RowName="""")","(RowName="""")","(RowName="""")","(RowName="""")","(RowName="""")","(RowName="""")","A3C2Q1:Task_GotoMachineworks","False","0","True","True","False","True","False","36.000000","2.990000","False","True","False","True","False","False","","False","False","","(RowName=""Traps_Echonok"")","(RowName="""")","None","36.000000","2.990000","0.000000","1.000000","1.000000","3000.000000","(TagName=""Element.Electric"")","(TagName=""Region.RedHavenCoast.EchonokMountains"")","(GameplayTags=)","(GameplayTags=((TagName=""Character.Monster.Day"")))","(GameplayTags=((TagName=""Character.Monster.Night"")))","(Map=())","(GameplayTags=((TagName=""Theme.Generic""),(TagName=""Gadget.Shrine.Global""),(TagName=""Gadget.Shrine.Voltura""),(TagName=""Character.NPC""),(TagName=""Gadget.HarvestingNode.Metal.T1.RedHaven.Echonok.Interior""),(TagName=""Gadget.HarvestingNode.Stone.T1.RedHaven.Echonok.Interior""),(TagName=""Gadget.HarvestingNode.Wood.T1.RedHaven.Echonok.Interior""),(TagName=""Theme.Echonok""),(TagName=""MonsterSpawner.PowerCoil""),(TagName=""Gadget.Lore.EchoCrystal.EM2"")))","(GameplayTags=)","(Map=())","1.000000","None","None","None","(RowName=""Skill_Potion"")","(RowName="""")","(RowName="""")","(X=-20.000000,Y=20.000000)","True","False","True","True","False","False","(GameplayTags=)","(RowName="""")","(RowName="""")","(RowName="""")","(GameplayTags=((TagName=""Loading.Interior"")))","0","(GameplayTags=)","0","(GameplayTags=)","((GameplayTags=((TagName=""Region.RedHavenCoast.EchonokMountains""))))","(GameplayTags=)","((GameplayTags=((TagName=""Element.Electric""),(TagName=""Affix.Effect.Electric""))),(GameplayTags=((TagName=""Affix.Defense.Electric""))))","((GameplayTags=((TagName=""Character.Monster.Automaton.Custodian.Electric""),(TagName=""Character.Monster.Automaton.Sentry.Electric""),(TagName=""Character.Monster.PowerCoil""))))","(GameplayTags=((TagName=""Region.RedHavenCoast.EchonokMountains"")))","1.000000","1.000000","False",""
EM2_Interior1,"NSLOCTEXT(""AreaTable"", ""D6F6F5A14A3BD5927E8C459331E192F2"", ""Assembly Line"")","NSLOCTEXT(""AreaTable"", ""BD2751F94A489514F79BAFAB2C9DA548"", ""Crafting Mill"")","Map_EchoInteriorName","EM2","Progressive","/Game/Environments/Levels/echonok/rules/EM2_Interior1/Area_EM2_Interior1.Area_EM2_Interior1_C","6.000000","(RowName=""EchonokMountains2"")","(RowName="""")","(RowName="""")","(RowName="""")","(RowName="""")","(RowName="""")","(RowName="""")","(RowName="""")","(RowName="""")","(RowName="""")","(RowName="""")","(RowName="""")","(RowName="""")","(RowName="""")","(RowName="""")","(RowName="""")","(RowName="""")","(RowName="""")","(RowName="""")","A3C2Q1:Task_GotoAssembly","False","0","True","True","False","True","False","36.000000","0.990000","False","True","False","False","False","False","((RowName=""Automaton_Electric_Story_Boss""))","False","False","","(RowName=""Traps_Echonok"")","(RowName="""")","None","36.000000","0.990000","0.000000","1.000000","1.000000","3000.000000","(TagName=""Element.Electric"")","(TagName=""Region.RedHavenCoast.EchonokMountains"")","(GameplayTags=)","(GameplayTags=((TagName=""Character.Monster.Day"")))","(GameplayTags=((TagName=""Character.Monster.Night"")))","(Map=())","(GameplayTags=((TagName=""Theme.Generic""),(TagName=""Gadget.Shrine.Global""),(TagName=""Gadget.Shrine.Voltura""),(TagName=""Gadget.HarvestingNode.Metal.T1.RedHaven.Echonok.Interior""),(TagName=""Gadget.HarvestingNode.Stone.T1.RedHaven.Echonok.Interior""),(TagName=""Gadget.HarvestingNode.Wood.T1.RedHaven.Echonok.Interior""),(TagName=""Theme.Echonok""),(TagName=""Gadget.Quest""),(TagName=""MonsterSpawner.PowerCoil""),(TagName=""Character.NPC.QuestGiver.Kenik.Act3""),(TagName=""Gadget.PetCage.MedChance""),(TagName=""Gadget.Lore.LoreSkulls""),(TagName=""Gadget.Lore.EchoCrystal.EM2_Interior1"")))","(GameplayTags=)","(Map=())","1.000000","None","None","None","(RowName=""Skill_Potion"")","(RowName="""")","(RowName="""")","(X=0.000000,Y=0.000000)","True","False","True","True","False","False","(GameplayTags=)","(RowName="""")","(RowName="""")","(RowName="""")","(GameplayTags=((TagName=""Loading.Interior"")))","0","(GameplayTags=)","0","(GameplayTags=)","((GameplayTags=((TagName=""Region.RedHavenCoast.EchonokMountains""))),(GameplayTags=((TagName=""Item.Lore.TorchlightHistory.6""))))","(GameplayTags=)","((GameplayTags=((TagName=""Element.Electric""),(TagName=""Affix.Effect.Electric""))),(GameplayTags=((TagName=""Affix.Defense.Electric""))))","((GameplayTags=((TagName=""Character.Monster.Automaton.Custodian.Electric""),(TagName=""Character.Monster.Automaton.Sentry.Electric""),(TagName=""Character.Monster.Automaton.Exploderbot""),(TagName=""Character.Monster.PowerCoil""),(TagName=""Character.Monster.PhaseBeast""))))","(GameplayTags=((TagName=""Region.RedHavenCoast.EchonokMountains"")))","1.000000","1.000000","False",""
EM2_Interior2,"NSLOCTEXT(""AreaTable"", ""7B359DFC4C9492CD879A9F9AC2972FD8"", ""Looted Warehouse"")","NSLOCTEXT(""AreaTable"", ""529B71F4476ECD75F326B0853AAAB43E"", ""Deepmountain Factory"")","Map_EchoInteriorName","EM2","Progressive","/Game/Environments/Levels/echonok/rules/EM2_Interior2/Area_EM2_Interior2.Area_EM2_Interior2_C","5.000000","(RowName=""EchonokMountains2"")","(RowName=""EM2_Exterior1"")","(RowName="""")","(RowName="""")","(RowName="""")","(RowName="""")","(RowName="""")","(RowName="""")","(RowName="""")","(RowName="""")","(RowName="""")","(RowName="""")","(RowName="""")","(RowName="""")","(RowName="""")","(RowName="""")","(RowName="""")","(RowName="""")","(RowName="""")","A3C2Q2:Task_GotoWarehouse","False","0","True","True","False","True","False","37.000000","0.990000","False","True","False","False","False","False","((RowName=""VolturaFighter_Story_Boss""))","False","False","","(RowName=""Traps_Echonok"")","(RowName="""")","None","37.000000","0.990000","0.000000","1.000000","1.000000","3000.000000","(TagName=""Element.Electric"")","(TagName=""Region.RedHavenCoast.EchonokMountains"")","(GameplayTags=)","(GameplayTags=((TagName=""Character.Monster.Day"")))","(GameplayTags=((TagName=""Character.Monster.Night"")))","(Map=())","(GameplayTags=((TagName=""Theme.Generic""),(TagName=""Character.NPC""),(TagName=""Gadget.Shrine.Global""),(TagName=""Gadget.Shrine.Voltura""),(TagName=""Gadget.HarvestingNode.Metal.T1.RedHaven.Echonok.Interior""),(TagName=""Gadget.HarvestingNode.Stone.T1.RedHaven.Echonok.Interior""),(TagName=""Gadget.HarvestingNode.Wood.T1.RedHaven.Echonok.Interior""),(TagName=""Theme.Echonok""),(TagName=""MonsterSpawner.Turret.Electric""),(TagName=""Gadget.PetCage.MedChance""),(TagName=""Gadget.Lore.ImperialGuardCorpse.4"")))","(GameplayTags=)","(Map=())","1.000000","None","None","None","(RowName=""Skill_Potion"")","(RowName="""")","(RowName="""")","(X=0.000000,Y=0.000000)","True","False","True","True","False","False","(GameplayTags=)","(RowName="""")","(RowName="""")","(RowName="""")","(GameplayTags=((TagName=""Loading.Interior"")))","0","(GameplayTags=)","0","(GameplayTags=)","((GameplayTags=((TagName=""Region.RedHavenCoast.EchonokMountains""))),(GameplayTags=((TagName=""Item.Lore.DwarvenRuins.3""))))","(GameplayTags=)","((GameplayTags=((TagName=""Element.Electric""),(TagName=""Affix.Effect.Electric""))),(GameplayTags=((TagName=""Affix.Defense.Electric""))))","((GameplayTags=((TagName=""Character.Monster.Automaton.Turret.Electric""),(TagName=""Character.Monster.Automaton.Exploderbot""),(TagName=""Character.Monster.Spider.Physical.Melee""),(TagName=""Character.Monster.Spider.Physical.Ranged""),(TagName=""Character.Monster.Shadowbeast""),(TagName=""Character.Monster.Netherim.Netherling""),(TagName=""Character.Monster.PhaseBeast""))))","(GameplayTags=((TagName=""Region.RedHavenCoast.EchonokMountains"")))","1.000000","1.000000","False",""
EM2_Exterior1,"NSLOCTEXT(""AreaTable"", ""E3F5BB1746E083BC4BB368A10CAADBE8"", ""Scavenger\'s Trail"")","NSLOCTEXT(""AreaTable"", ""B8A55F374516142A8EC7DABB34A4F170"", ""Mountainside Climb"")","Map_EchoExteriorName","EM2","Progressive","/Game/Environments/Levels/echonok/rules/EM2_Exterior1/Area_EM2_Exterior1.Area_EM2_Exterior1_C","4.000000","(RowName=""EM2_Interior2"")","(RowName=""EM2_Exterior1a_boss"")","(RowName="""")","(RowName="""")","(RowName="""")","(RowName="""")","(RowName="""")","(RowName="""")","(RowName="""")","(RowName="""")","(RowName="""")","(RowName="""")","(RowName="""")","(RowName="""")","(RowName="""")","(RowName="""")","(RowName="""")","(RowName="""")","(RowName="""")","A3C2Q2:Task_GotoTrail","False","0","True","True","False","True","False","38.000000","0.990000","False","True","False","False","False","False","","False","False","","(RowName=""Traps_Echonok"")","(RowName="""")","None","38.000000","0.990000","0.000000","1.000000","1.000000","3000.000000","(TagName=""Element.Electric"")","(TagName=""Region.RedHavenCoast.EchonokMountains"")","(GameplayTags=)","(GameplayTags=((TagName=""Character.Monster.Day"")))","(GameplayTags=((TagName=""Character.Monster.Night"")))","(Map=())","(GameplayTags=((TagName=""Theme.Generic""),(TagName=""Character.NPC""),(TagName=""Gadget.Shrine.Global""),(TagName=""Gadget.Shrine.Voltura""),(TagName=""Theme.Echonok""),(TagName=""MonsterSpawner.PowerCoil""),(TagName=""Gadget.HarvestingNode.Metal.T1.RedHaven.Echonok.Interior""),(TagName=""Gadget.HarvestingNode.Stone.T1.RedHaven.Echonok.Interior""),(TagName=""Gadget.HarvestingNode.Wood.T1.RedHaven.Echonok.Interior""),(TagName=""Gadget.Lore.EchoContainer.4"")))","(GameplayTags=)","(Map=())","1.000000","None","None","None","(RowName=""Skill_Potion"")","(RowName="""")","(RowName="""")","(X=0.000000,Y=0.000000)","True","False","True","True","False","False","(GameplayTags=)","(RowName="""")","(RowName="""")","(RowName="""")","(GameplayTags=((TagName=""Loading.Exterior"")))","0","(GameplayTags=)","0","(GameplayTags=)","((GameplayTags=((TagName=""Region.RedHavenCoast.EchonokMountains""))),(GameplayTags=((TagName=""Item.Lore.Voltura.3""),(TagName=""Item.Lore.Voltura.4""))))","(GameplayTags=)","((GameplayTags=((TagName=""Element.Electric""),(TagName=""Affix.Effect.Electric""))),(GameplayTags=((TagName=""Affix.Defense.Electric""))))","((GameplayTags=((TagName=""Character.Monster.Voltura.Gunner""),(TagName=""Character.Monster.Voltura.Glider""),(TagName=""Character.Monster.Netherim.Netherling""),(TagName=""Character.Monster.Strider.Thorned""),(TagName=""Character.Monster.PowerCoil""),(TagName=""Character.Monster.PhaseBeast""))))","(GameplayTags=((TagName=""Region.RedHavenCoast.EchonokMountains"")))","1.000000","1.000000","False",""
EM2_Exterior1a_boss,"NSLOCTEXT(""AreaTable"", ""359441D047F703919AC8F98026502218"", ""Squawkclaw\'s Perch"")","NSLOCTEXT(""AreaTable"", ""C605D9184C1101CC171968806589B97C"", ""Airship Loading Bay"")","Map_EchoExteriorName","EM2","Progressive","/Game/Environments/Levels/echonok/rules/EM2_Exterior1a_boss/Area_EM2_Exterior1a_boss.Area_EM2_Exterior1a_boss_C","1.000000","(RowName=""EM2_Exterior1"")","(RowName="""")","(RowName="""")","(RowName="""")","(RowName="""")","(RowName="""")","(RowName="""")","(RowName="""")","(RowName="""")","(RowName="""")","(RowName="""")","(RowName="""")","(RowName="""")","(RowName="""")","(RowName="""")","(RowName="""")","(RowName="""")","(RowName="""")","(RowName="""")","A3C2Q2:Task_FindPerch","False","0","True","True","False","False","False","39.000000","0.000000","False","False","False","False","False","False","((RowName=""VolturaInterceptor_Story_Boss""))","False","False","","(RowName=""Traps_Echonok"")","(RowName="""")","None","39.000000","0.000000","0.000000","1.000000","3.000000","3000.000000","(TagName=""Element.Electric"")","(TagName=""Region.RedHavenCoast.EchonokMountains"")","(GameplayTags=)","(GameplayTags=((TagName=""Character.Monster.Day"")))","(GameplayTags=((TagName=""Character.Monster.Night"")))","(Map=())","(GameplayTags=((TagName=""Theme.Generic""),(TagName=""Character.NPC""),(TagName=""Gadget.Shrine.Global""),(TagName=""Gadget.Shrine.Voltura""),(TagName=""Theme.Echonok""),(TagName=""Gadget.PetCage.HighChance""),(TagName=""Gadget.HarvestingNode.Metal.T1.RedHaven.Echonok.Interior""),(TagName=""Gadget.HarvestingNode.Stone.T1.RedHaven.Echonok.Interior""),(TagName=""Gadget.HarvestingNode.Wood.T1.RedHaven.Echonok.Interior"")))","(GameplayTags=)","(Map=())","1.000000","None","None","None","(RowName=""Skill_Potion"")","(RowName="""")","(RowName="""")","(X=0.000000,Y=0.000000)","True","False","False","True","False","False","(GameplayTags=((TagName=""Skill.Stuck"")))","(RowName="""")","(RowName="""")","(RowName="""")","(GameplayTags=((TagName=""Loading.Exterior"")))","0","(GameplayTags=)","0","(GameplayTags=)","((GameplayTags=((TagName=""Region.RedHavenCoast.EchonokMountains""))))","(GameplayTags=)","((GameplayTags=((TagName=""Element.Electric""),(TagName=""Affix.Effect.Electric""))),(GameplayTags=((TagName=""Affix.Defense.Electric""))))","((GameplayTags=((TagName=""Character.Monster.Voltura.Glider""),(TagName=""Character.Monster.Voltura.Gunner""))))","(GameplayTags=((TagName=""Region.RedHavenCoast.EchonokMountains"")))","1.000000","1.000000","False",""
EM2-3pass,"NSLOCTEXT(""AreaTable"", ""B7557BE247D21A3445C769867B294349"", ""Secret Trail"")","NSLOCTEXT(""AreaTable"", ""97DC03ED4CCAE25D0F7920849B533B0D"", ""Discovered Path"")","None","EM3_Pass","Open","/Game/Environments/Levels/Forts/rules/Echonok/Area_echo_PlayerFort_1-2.Area_echo_PlayerFort_1-2_C","1.000000","(RowName=""EchonokMountains2"")","(RowName=""EchonokMountains3"")","(RowName="""")","(RowName="""")","(RowName="""")","(RowName="""")","(RowName="""")","(RowName="""")","(RowName="""")","(RowName="""")","(RowName="""")","(RowName="""")","(RowName="""")","(RowName="""")","(RowName="""")","(RowName="""")","(RowName="""")","(RowName="""")","(RowName="""")","None","False","1","True","True","False","True","False","39.000000","0.000000","False","True","False","False","False","False","","False","False","","(RowName=""Traps_Echonok"")","(RowName="""")","None","39.000000","0.000000","0.000000","1.000000","1.000000","3000.000000","(TagName=""Element.Electric"")","(TagName=""Region.RedHavenCoast.EchonokMountains"")","(GameplayTags=)","(GameplayTags=)","(GameplayTags=)","(Map=())","(GameplayTags=)","(GameplayTags=)","(Map=())","1.000000","None","None","None","(RowName=""Skill_Potion"")","(RowName="""")","(RowName="""")","(X=0.000000,Y=0.000000)","True","False","True","True","False","False","(GameplayTags=)","(RowName="""")","(RowName="""")","(RowName="""")","(GameplayTags=((TagName=""Loading.Exterior"")))","0","(GameplayTags=)","0","(GameplayTags=)","((GameplayTags=((TagName=""Region.RedHavenCoast.EchonokMountains""))))","(GameplayTags=)","((GameplayTags=((TagName=""Element.Electric""),(TagName=""Affix.Effect.Electric""))),(GameplayTags=((TagName=""Affix.Defense.Electric""))))","","(GameplayTags=((TagName=""Region.RedHavenCoast.EchonokMountains"")))","1.000000","1.000000","False",""
EchonokMountains3,"NSLOCTEXT(""AreaTable"", ""9AC3937647F7351D23DEF090E65C8465"", ""Voltura Village"")","NSLOCTEXT(""AreaTable"", ""DA0A19324DD5FDF80EEDDF92AACB91FB"", ""Sparktown"")","Map_EchoExteriorName","EM3","Progressive","/Game/Environments/Levels/echonok/rules/EchonokMountains3/Area_EchonokMountains3.Area_EchonokMountains3_C","2.000000","(RowName=""EM2-3pass"")","(RowName=""EM3-4pass"")","(RowName=""EM3_Exterior1"")","(RowName=""EM3_Interior1"")","(RowName=""EM3_Exterior2"")","(RowName="""")","(RowName="""")","(RowName="""")","(RowName="""")","(RowName="""")","(RowName="""")","(RowName="""")","(RowName="""")","(RowName="""")","(RowName="""")","(RowName="""")","(RowName="""")","(RowName="""")","(RowName="""")","A3C3Q1:Task_GotoVillage","False","0","True","True","False","True","False","39.000000","2.990000","False","True","False","True","False","False","","False","False","","(RowName=""Traps_Echonok"")","(RowName="""")","None","39.000000","2.990000","0.000000","1.000000","1.000000","3000.000000","(TagName=""Element.Electric"")","(TagName=""Region.RedHavenCoast.EchonokMountains"")","(GameplayTags=)","(GameplayTags=((TagName=""Character.Monster.Day"")))","(GameplayTags=((TagName=""Character.Monster.Night"")))","(Map=())","(GameplayTags=((TagName=""Theme.Generic""),(TagName=""Gadget.Shrine.Global""),(TagName=""Gadget.Shrine.Voltura""),(TagName=""Character.NPC""),(TagName=""Gadget.HarvestingNode.Metal.T1.RedHaven.Echonok.Exterior""),(TagName=""Gadget.HarvestingNode.Stone.T1.RedHaven.Echonok.Exterior""),(TagName=""Gadget.HarvestingNode.Wood.T1.RedHaven.Echonok.Exterior""),(TagName=""Theme.Echonok""),(TagName=""MonsterSpawner.PowerCoil""),(TagName=""Gadget.Lore.EchoContainer.4""),(TagName=""Gadget.Lore.EchoCrystal.EM3"")))","(GameplayTags=)","(Map=())","1.000000","None","None","None","(RowName=""Skill_Potion"")","(RowName="""")","(RowName="""")","(X=0.000000,Y=0.000000)","True","False","True","True","False","False","(GameplayTags=)","(RowName="""")","(RowName="""")","(RowName="""")","(GameplayTags=((TagName=""Loading.Exterior"")))","0","(GameplayTags=)","0","(GameplayTags=)","((GameplayTags=((TagName=""Region.RedHavenCoast.EchonokMountains""))),(GameplayTags=((TagName=""Item.Lore.Voltura.5""))))","(GameplayTags=)","((GameplayTags=((TagName=""Element.Electric""),(TagName=""Affix.Effect.Electric""))),(GameplayTags=((TagName=""Affix.Defense.Electric""))))","((GameplayTags=((TagName=""Character.Monster.Voltura.Glider""),(TagName=""Character.Monster.Voltura.Gunner""),(TagName=""Character.Monster.PhaseBeast""),(TagName=""Character.Monster.Voltura.Bomber""),(TagName=""Character.Monster.PowerCoil""),(TagName=""Character.Monster.Voltura.Interceptor""))))","(GameplayTags=((TagName=""Region.RedHavenCoast.EchonokMountains"")))","1.000000","1.000000","False",""
EM3_Exterior1,"NSLOCTEXT(""AreaTable"", ""F0C00CBE4BFDEDCE0BC487972F9E2EBC"", ""Bolt Town"")","NSLOCTEXT(""AreaTable"", ""6879C26D498BE55DB8017C849A18FE93"", ""Vociferous Landing"")","Map_EchoExteriorName","EM3","Progressive","/Game/Environments/Levels/echonok/rules/EM3_Exterior1/Area_EM3_Exterior1.Area_EM3_Exterior1_C","3.000000","(RowName=""EchonokMountains3"")","(RowName="""")","(RowName="""")","(RowName="""")","(RowName="""")","(RowName="""")","(RowName="""")","(RowName="""")","(RowName="""")","(RowName="""")","(RowName="""")","(RowName="""")","(RowName="""")","(RowName="""")","(RowName="""")","(RowName="""")","(RowName="""")","(RowName="""")","(RowName="""")","A3C3Q1:Task_GotoBolt","False","0","True","True","False","True","False","40.000000","0.990000","False","True","False","False","False","False","((RowName=""VolturaGunner_Story_Boss""))","False","False","","(RowName=""Traps_Echonok"")","(RowName="""")","None","40.000000","0.990000","0.000000","1.000000","1.000000","3000.000000","(TagName=""Element.Electric"")","(TagName=""Region.RedHavenCoast.EchonokMountains"")","(GameplayTags=)","(GameplayTags=((TagName=""Character.Monster.Day"")))","(GameplayTags=((TagName=""Character.Monster.Night"")))","(Map=())","(GameplayTags=((TagName=""Theme.Generic""),(TagName=""Theme.Echonok""),(TagName=""Gadget.Shrine.Global""),(TagName=""Gadget.Shrine.Voltura""),(TagName=""Gadget.PetCage.MedChance""),(TagName=""Gadget.HarvestingNode.Metal.T1.RedHaven.Echonok.Interior""),(TagName=""Gadget.HarvestingNode.Stone.T1.RedHaven.Echonok.Interior""),(TagName=""Gadget.HarvestingNode.Wood.T1.RedHaven.Echonok.Interior""),(TagName=""Gadget.Quest.HixCaged""),(TagName=""Gadget.Lore.EchoContainer.4""),(TagName=""Gadget.Lore.EchoCrystal.EM3_Exterior1"")))","(GameplayTags=)","(Map=())","1.000000","None","None","None","(RowName=""Skill_Potion"")","(RowName="""")","(RowName="""")","(X=0.000000,Y=0.000000)","True","False","True","True","False","False","(GameplayTags=)","(RowName="""")","(RowName="""")","(RowName="""")","(GameplayTags=((TagName=""Loading.Exterior"")))","0","(GameplayTags=((TagName=""MapWorks.Dungeon.Echonok"")))","1","(GameplayTags=)","((GameplayTags=((TagName=""Region.RedHavenCoast.EchonokMountains""))),(GameplayTags=((TagName=""Item.Lore.Voltura.6""))))","(GameplayTags=)","((GameplayTags=((TagName=""Element.Electric""),(TagName=""Affix.Effect.Electric""))),(GameplayTags=((TagName=""Affix.Defense.Electric""))))","((GameplayTags=((TagName=""Character.Monster.Voltura.Glider""),(TagName=""Character.Monster.Voltura.Gunner""),(TagName=""Character.Monster.Voltura.Interceptor""),(TagName=""Character.Monster.Automaton.Custodian.Electric""),(TagName=""Character.Monster.PhaseBeast""))))","(GameplayTags=((TagName=""Region.RedHavenCoast.EchonokMountains"")))","1.000000","1.000000","False",""
EM3_Interior1,"NSLOCTEXT(""AreaTable"", ""5A5D63124DD7DDBB6D26019E4B88C23E"", ""The Power Line"")","NSLOCTEXT(""AreaTable"", ""D9E48A7948DF53768B2530AA49F638FB"", ""No Touchy"")","Map_EchoInteriorName","EM3","Progressive","/Game/Environments/Levels/echonok/rules/EM3_Interior1/Area_EM3_Interior1.Area_EM3_Interior1_C","5.000000","(RowName=""EchonokMountains3"")","(RowName="""")","(RowName="""")","(RowName="""")","(RowName="""")","(RowName="""")","(RowName="""")","(RowName="""")","(RowName="""")","(RowName="""")","(RowName="""")","(RowName="""")","(RowName="""")","(RowName="""")","(RowName="""")","(RowName="""")","(RowName="""")","(RowName="""")","(RowName="""")","A3C3Q2:Task_GotoPowerLine","False","0","True","True","False","True","False","41.000000","0.990000","False","True","False","False","False","False","((RowName=""NetherimBrute_Story_Boss""))","False","False","","(RowName=""Traps_Echonok"")","(RowName="""")","None","41.000000","0.990000","0.000000","1.000000","1.000000","3000.000000","(TagName=""Element.Physical"")","(TagName=""Region.RedHavenCoast.EchonokMountains"")","(GameplayTags=)","(GameplayTags=)","(GameplayTags=)","(Map=())","(GameplayTags=((TagName=""Gadget.Quest.ElectroConverter""),(TagName=""Gadget.Quest.GuardCorpse""),(TagName=""Theme.Generic""),(TagName=""Theme.Echonok""),(TagName=""Gadget.Shrine.Global""),(TagName=""Gadget.Shrine.Voltura""),(TagName=""MonsterSpawner.StoneElemental.Echonok""),(TagName=""Character.NPC.Townsfolk""),(TagName=""Gadget.PetCage.MedChance""),(TagName=""Gadget.HarvestingNode.Metal.T1.RedHaven.Echonok.Exterior""),(TagName=""Gadget.HarvestingNode.Stone.T1.RedHaven.Echonok.Exterior""),(TagName=""Gadget.HarvestingNode.Wood.T1.RedHaven.Echonok.Exterior""),(TagName=""Theme.StoneElemental.Echonok""),(TagName=""Gadget.Lore.EchoCrystal.EM3_Interior1"")))","(GameplayTags=)","(Map=())","1.000000","None","None","None","(RowName=""Skill_Potion"")","(RowName="""")","(RowName="""")","(X=0.000000,Y=0.000000)","True","False","True","True","False","False","(GameplayTags=)","(RowName="""")","(RowName="""")","(RowName="""")","(GameplayTags=)","0","(GameplayTags=)","0","(GameplayTags=)","((GameplayTags=((TagName=""Region.RedHavenCoast.EchonokMountains""))))","(GameplayTags=)","((GameplayTags=((TagName=""Element.Electric""),(TagName=""Affix.Effect.Electric""))),(GameplayTags=((TagName=""Affix.Defense.Electric""))))","((GameplayTags=((TagName=""Character.Monster.Spider.Electric.Melee""),(TagName=""Character.Monster.Spider.Electric.Ranged""),(TagName=""Character.Monster.Netherim.Netherling""),(TagName=""Character.Monster.Netherim.Spellslinger""),(TagName=""Character.Monster.PhaseBeast""),(TagName=""Character.Monster.StoneElemental.Echonok""))))","(GameplayTags=((TagName=""Region.RedHavenCoast.EchonokMountains"")))","1.000000","1.000000","False",""
EM3_Exterior2,"NSLOCTEXT(""AreaTable"", ""031304D74E40DABEDEB67EB3E84FCF0C"", ""Chop Shop"")","NSLOCTEXT(""AreaTable"", ""086B154E49C9647B4F1D42ADA299E397"", ""Smash Boom"")","Map_EchoExteriorName","EM3","Progressive","/Game/Environments/Levels/echonok/rules/EM3_Exterior2/Area_EM3_Exterior2.Area_EM3_Exterior2_C","1.000000","(RowName=""EchonokMountains3"")","(RowName=""Em3_Exterior2a_boss"")","(RowName="""")","(RowName="""")","(RowName="""")","(RowName="""")","(RowName="""")","(RowName="""")","(RowName="""")","(RowName="""")","(RowName="""")","(RowName="""")","(RowName="""")","(RowName="""")","(RowName="""")","(RowName="""")","(RowName="""")","(RowName="""")","(RowName="""")","A3C3Q3:Task_GotoChopShop","False","0","True","True","False","True","False","42.000000","0.990000","False","True","False","False","False","False","","False","False","","(RowName=""Traps_Echonok"")","(RowName="""")","None","42.000000","0.990000","0.000000","1.000000","1.000000","3000.000000","(TagName=""Element.Electric"")","(TagName=""Region.RedHavenCoast.EchonokMountains"")","(GameplayTags=)","(GameplayTags=)","(GameplayTags=)","(Map=())","(GameplayTags=((TagName=""Gadget.HarvestingNode.Metal.T1.RedHaven.Echonok.Interior""),(TagName=""Gadget.HarvestingNode.Stone.T1.RedHaven.Echonok.Interior""),(TagName=""Gadget.HarvestingNode.Wood.T1.RedHaven.Echonok.Interior""),(TagName=""Gadget.Shrine.Global""),(TagName=""Gadget.Shrine.Voltura""),(TagName=""Theme.Generic""),(TagName=""Theme.Echonok""),(TagName=""Trap.ElectricConduit""),(TagName=""Gadget.Lore.EchoContainer.3""),(TagName=""Gadget.Lore.EchoCrystal.EM3_Exterior2"")))","(GameplayTags=)","(Map=())","1.000000","None","None","None","(RowName=""Skill_Potion"")","(RowName="""")","(RowName="""")","(X=0.000000,Y=0.000000)","True","False","True","True","False","False","(GameplayTags=)","(RowName="""")","(RowName="""")","(RowName="""")","(GameplayTags=)","0","(GameplayTags=)","0","(GameplayTags=)","((GameplayTags=((TagName=""Region.RedHavenCoast.EchonokMountains""))),(GameplayTags=((TagName=""Item.Lore.ShriekbeaksArmy.1""),(TagName=""Item.Lore.ShriekbeaksArmy.2""))))","(GameplayTags=)","((GameplayTags=((TagName=""Affix.Effect.Electric""),(TagName=""Element.Electric""))),(GameplayTags=((TagName=""Affix.Defense.Electric""))))","((GameplayTags=((TagName=""Character.Monster.Automaton.Custodian.Electric""),(TagName=""Character.Monster.Spider.Electric.Melee""),(TagName=""Character.Monster.Spider.Electric.Ranged""),(TagName=""Character.Monster.Netherim.Netherling""),(TagName=""Character.Monster.PowerCoil""),(TagName=""Character.Monster.Zombie.Electric""),(TagName=""Character.Monster.Skeleton.Electric""),(TagName=""Character.Monster.PhaseBeast""))))","(GameplayTags=((TagName=""Region.RedHavenCoast.EchonokMountains"")))","1.000000","1.000000","False",""
Em3_Exterior2a_boss,"NSLOCTEXT(""AreaTable"", ""8E680199412AC81F7FB44C87DC176861"", ""Shriekbeak\'s Laboratory"")","NSLOCTEXT(""AreaTable"", ""E6846F2F44B42879D3CD9C90F6F8AAA5"", ""Loudface\'s Cubby"")","Map_EchoExteriorName","EM3","Progressive","/Game/Environments/Levels/echonok/rules/EM3_Exterior2a_boss/Area_EM3_Exterior2a_boss.Area_EM3_Exterior2a_boss_C","1.000000","(RowName=""EM3_Exterior2"")","(RowName="""")","(RowName="""")","(RowName="""")","(RowName="""")","(RowName="""")","(RowName="""")","(RowName="""")","(RowName="""")","(RowName="""")","(RowName="""")","(RowName="""")","(RowName="""")","(RowName="""")","(RowName="""")","(RowName="""")","(RowName="""")","(RowName="""")","(RowName="""")","A3C3Q3:Task_GotoLab","False","0","True","True","False","False","False","43.000000","0.000000","False","False","False","False","False","False","((RowName=""VolturaFighter_Story_Boss_Shriekbeak""))","False","False","","(RowName=""Traps_Echonok"")","(RowName="""")","None","43.000000","0.000000","0.000000","1.000000","3.000000","3000.000000","(TagName=""Element.Electric"")","(TagName=""Region.RedHavenCoast.EchonokMountains"")","(GameplayTags=)","(GameplayTags=)","(GameplayTags=)","(Map=())","(GameplayTags=((TagName=""Gadget.HarvestingNode.Metal.T1.RedHaven.Echonok.Exterior""),(TagName=""Gadget.HarvestingNode.Stone.T1.RedHaven.Echonok.Exterior""),(TagName=""Gadget.HarvestingNode.Wood.T1.RedHaven.Echonok.Exterior""),(TagName=""Gadget.Shrine.Global""),(TagName=""Gadget.Shrine.Voltura""),(TagName=""Theme.Generic""),(TagName=""Theme.Echonok""),(TagName=""Gadget.PetCage.HighChance""),(TagName=""Gadget.Lore.EchoContainer.3"")))","(GameplayTags=)","(Map=())","1.000000","None","None","None","(RowName=""Skill_Potion"")","(RowName="""")","(RowName="""")","(X=0.000000,Y=0.000000)","True","False","False","True","False","False","(GameplayTags=((TagName=""Skill.Stuck"")))","(RowName="""")","(RowName="""")","(RowName="""")","(GameplayTags=)","0","(GameplayTags=)","0","(GameplayTags=)","((GameplayTags=((TagName=""Region.RedHavenCoast.EchonokMountains""))),(GameplayTags=((TagName=""Item.Lore.ShriekbeaksArmy.3""))))","(GameplayTags=)","((GameplayTags=((TagName=""Affix.Effect.Electric""),(TagName=""Element.Electric""))),(GameplayTags=((TagName=""Affix.Defense.Electric""))))","","(GameplayTags=((TagName=""Region.RedHavenCoast.EchonokMountains"")))","1.000000","1.000000","False",""
EM3-4pass,"NSLOCTEXT(""AreaTable"", ""E398276E4ED87D33AE2B0D87EAF373BA"", ""The King\'s Road"")","NSLOCTEXT(""AreaTable"", ""1A24A4DC4C55AD7F2852BC82C50BC899"", ""Not My King"")","None","EM4_Pass","Open","/Game/Environments/Levels/Forts/rules/Echonok/Area_echo_PlayerFort_1-2.Area_echo_PlayerFort_1-2_C","1.000000","(RowName=""EchonokMountains3"")","(RowName=""EchonokMountains4"")","(RowName="""")","(RowName="""")","(RowName="""")","(RowName="""")","(RowName="""")","(RowName="""")","(RowName="""")","(RowName="""")","(RowName="""")","(RowName="""")","(RowName="""")","(RowName="""")","(RowName="""")","(RowName="""")","(RowName="""")","(RowName="""")","(RowName="""")","None","False","1","True","True","False","True","False","43.000000","0.000000","False","True","False","False","False","False","","False","False","","(RowName=""Traps_Echonok"")","(RowName="""")","None","43.000000","0.000000","0.000000","1.000000","1.000000","3000.000000","(TagName=""Element.Electric"")","(TagName=""Region.RedHavenCoast.EchonokMountains"")","(GameplayTags=)","(GameplayTags=)","(GameplayTags=)","(Map=())","(GameplayTags=)","(GameplayTags=)","(Map=())","1.000000","None","None","None","(RowName=""Skill_Potion"")","(RowName="""")","(RowName="""")","(X=0.000000,Y=0.000000)","True","False","True","True","False","False","(GameplayTags=)","(RowName="""")","(RowName="""")","(RowName="""")","(GameplayTags=)","0","(GameplayTags=)","0","(GameplayTags=)","((GameplayTags=((TagName=""Region.RedHavenCoast.EchonokMountains""))))","(GameplayTags=)","((GameplayTags=((TagName=""Affix.Effect.Electric""),(TagName=""Element.Electric""))),(GameplayTags=((TagName=""Affix.Defense.Electric""))))","","(GameplayTags=((TagName=""Region.RedHavenCoast.EchonokMountains"")))","1.000000","1.000000","False",""
EchonokMountains4,"NSLOCTEXT(""AreaTable"", ""8780B83A41833CBD82777CA5DBA3507E"", ""King\'s Plateau"")","NSLOCTEXT(""AreaTable"", ""F9B204A54AD631707EF174B61F925E43"", ""Gardens of Electric Death"")","Map_EchoExteriorName","EM4","Progressive","/Game/Environments/Levels/echonok/rules/EchonokMountains4/Area_EchonokMountains4.Area_EchonokMountains4_C","3.000000","(RowName=""EM3-4pass"")","(RowName=""EM4_Interior2"")","(RowName=""EM4_Interior1"")","(RowName="""")","(RowName="""")","(RowName="""")","(RowName="""")","(RowName="""")","(RowName="""")","(RowName="""")","(RowName="""")","(RowName="""")","(RowName="""")","(RowName="""")","(RowName="""")","(RowName="""")","(RowName="""")","(RowName="""")","(RowName="""")","A3C4Q1:Task_GotoKingsPlateau","False","0","True","True","False","True","False","43.000000","1.990000","False","True","False","True","False","False","","False","False","","(RowName=""Traps_Echonok"")","(RowName="""")","None","43.000000","1.990000","0.000000","1.000000","1.000000","3000.000000","(TagName=""Element.Electric"")","(TagName=""Region.RedHavenCoast.EchonokMountains"")","(GameplayTags=)","(GameplayTags=)","(GameplayTags=)","(Map=())","(GameplayTags=((TagName=""Gadget.HarvestingNode.Metal.T1.RedHaven.Echonok.Exterior""),(TagName=""Gadget.HarvestingNode.Stone.T1.RedHaven.Echonok.Exterior""),(TagName=""Gadget.HarvestingNode.Wood.T1.RedHaven.Echonok.Exterior""),(TagName=""Gadget.Shrine.Global""),(TagName=""Gadget.Shrine.Voltura""),(TagName=""Theme.Generic""),(TagName=""Theme.Echonok""),(TagName=""MonsterSpawner.Turret.Electric""),(TagName=""Gadget.Lore.EchoCrystal.EM4"")))","(GameplayTags=)","(Map=())","1.000000","None","None","None","(RowName=""Skill_Potion"")","(RowName="""")","(RowName="""")","(X=0.000000,Y=0.000000)","True","False","True","True","False","False","(GameplayTags=)","(RowName="""")","(RowName="""")","(RowName="""")","(GameplayTags=)","0","(GameplayTags=)","0","(GameplayTags=)","((GameplayTags=((TagName=""Region.RedHavenCoast.EchonokMountains""))))","(GameplayTags=)","((GameplayTags=((TagName=""Element.Electric""),(TagName=""Affix.Effect.Electric""))),(GameplayTags=((TagName=""Affix.Defense.Electric""))))","((GameplayTags=((TagName=""Character.Monster.PhaseBeast""),(TagName=""Character.Monster.Automaton.Custodian.Electric""),(TagName=""Character.Monster.Automaton.Sentry.Electric""),(TagName=""Character.Monster.Automaton.Turret.Electric""),(TagName=""Character.Monster.Netherim.Netherling""),(TagName=""Character.Monster.Netherim.Warrior""))))","(GameplayTags=((TagName=""Region.RedHavenCoast.EchonokMountains"")))","1.000000","1.000000","False",""
EM4_Interior1,"NSLOCTEXT(""AreaTable"", ""63A7E5D849410456531B5E8AFD08ECD0"", ""Vault of Goldbeard\'s Legacy"")","NSLOCTEXT(""AreaTable"", ""8DB1F0B544EE92279C90758F37A32758"", ""Gold Room"")","Map_EchoInteriorName","EM4","Progressive","/Game/Environments/Levels/echonok/rules/EM4_Interior1/Area_EM4_Interior1.Area_EM4_Interior1_C","4.000000","(RowName=""EchonokMountains4"")","(RowName="""")","(RowName="""")","(RowName="""")","(RowName="""")","(RowName="""")","(RowName="""")","(RowName="""")","(RowName="""")","(RowName="""")","(RowName="""")","(RowName="""")","(RowName="""")","(RowName="""")","(RowName="""")","(RowName="""")","(RowName="""")","(RowName="""")","(RowName="""")","A3C4Q1:Task_GotoVault","False","0","True","True","False","True","False","43.000000","0.990000","False","True","False","False","False","False","((RowName=""NetherimBrute_Story_Boss2""))","False","False","","(RowName=""Traps_Echonok"")","(RowName=""SpawnMonsters_Automata"")","/Game/Monsters/Blueprints/Spawner/MonsterSpawnerBase_Trap.MonsterSpawnerBase_Trap_C","43.000000","0.990000","0.000000","1.000000","1.000000","3000.000000","(TagName=""Element.Physical"")","(TagName=""Region.RedHavenCoast.EchonokMountains"")","(GameplayTags=)","(GameplayTags=)","(GameplayTags=)","(Map=())","(GameplayTags=((TagName=""Gadget.HarvestingNode.Metal.T1.RedHaven.Echonok.Interior""),(TagName=""Gadget.HarvestingNode.Stone.T1.RedHaven.Echonok.Interior""),(TagName=""Gadget.HarvestingNode.Wood.T1.RedHaven.Echonok.Interior""),(TagName=""Gadget.Shrine.Global""),(TagName=""Gadget.Shrine.Voltura""),(TagName=""Theme.Generic""),(TagName=""Theme.Echonok""),(TagName=""Gadget.PetCage.MedChance""),(TagName=""Gadget.Lore.EchoCrystal.EM4_Interior1"")))","(GameplayTags=)","(Map=())","1.000000","None","None","None","(RowName=""Skill_Potion"")","(RowName="""")","(RowName="""")","(X=0.000000,Y=0.000000)","True","False","True","True","False","False","(GameplayTags=)","(RowName="""")","(RowName="""")","(RowName="""")","(GameplayTags=)","0","(GameplayTags=)","0","(GameplayTags=)","((GameplayTags=((TagName=""Region.RedHavenCoast.EchonokMountains""))))","(GameplayTags=)","((GameplayTags=((TagName=""Affix.Effect.Electric""),(TagName=""Element.Electric""))),(GameplayTags=((TagName=""Affix.Defense.Electric""))))","((GameplayTags=((TagName=""Character.Monster.Spider.Electric.Melee""),(TagName=""Character.Monster.Spider.Electric.Ranged""),(TagName=""Character.Monster.Netherim.Netherling""),(TagName=""Character.Monster.Netherim.WarriorArmored""),(TagName=""Character.Monster.Netherim.Spellslinger""),(TagName=""Character.Monster.PhaseBeast""))))","(GameplayTags=((TagName=""Region.RedHavenCoast.EchonokMountains"")))","1.000000","1.000000","False",""
EM4_Interior2,"NSLOCTEXT(""AreaTable"", ""228923A5429E66FDC4CCF58C3F00B788"", ""Sundered Throne"")","NSLOCTEXT(""AreaTable"", ""FE6F8128486C97D06D7D129C13313ED4"", ""Dirtbeard\'s Chair"")","Map_EchoInteriorName","EM4","Progressive","/Game/Environments/Levels/echonok/rules/EM4_Interior2/Area_EM4_Interior2.Area_EM4_Interior2_C","3.000000","(RowName=""EchonokMountains4"")","(RowName=""EM4_Interior3"")","(RowName="""")","(RowName="""")","(RowName="""")","(RowName="""")","(RowName="""")","(RowName="""")","(RowName="""")","(RowName="""")","(RowName="""")","(RowName="""")","(RowName="""")","(RowName="""")","(RowName="""")","(RowName="""")","(RowName="""")","(RowName="""")","(RowName="""")","A3C4Q2:Task_GotoSunderedThrone","False","0","True","True","False","True","False","44.000000","0.990000","False","True","False","False","False","False","","False","False","","(RowName=""Traps_Echonok"")","(RowName=""SpawnMonsters_NetherimChamps"")","/Game/Monsters/Blueprints/Spawner/MonsterSpawnerBase_Trap.MonsterSpawnerBase_Trap_C","44.000000","0.990000","0.000000","1.000000","1.000000","3000.000000","(TagName=""Element.Physical"")","(TagName=""Region.RedHavenCoast.EchonokMountains"")","(GameplayTags=)","(GameplayTags=)","(GameplayTags=)","(Map=())","(GameplayTags=((TagName=""Gadget.HarvestingNode.Metal.T1.RedHaven.Echonok.Interior""),(TagName=""Gadget.HarvestingNode.Stone.T1.RedHaven.Echonok.Interior""),(TagName=""Gadget.HarvestingNode.Wood.T1.RedHaven.Echonok.Interior""),(TagName=""Gadget.Shrine.Global""),(TagName=""Gadget.Shrine.Voltura""),(TagName=""Theme.Generic""),(TagName=""Theme.Echonok""),(TagName=""Gadget.Lore.EchoCrystal.EM4_Interior2"")))","(GameplayTags=)","(Map=())","1.000000","None","None","None","(RowName=""Skill_Potion"")","(RowName="""")","(RowName="""")","(X=0.000000,Y=0.000000)","True","False","True","True","False","False","(GameplayTags=)","(RowName="""")","(RowName="""")","(RowName="""")","(GameplayTags=)","0","(GameplayTags=)","0","(GameplayTags=)","((GameplayTags=((TagName=""Region.RedHavenCoast.EchonokMountains""))))","(GameplayTags=)","((GameplayTags=((TagName=""Affix.Effect.Electric""),(TagName=""Element.Electric""))),(GameplayTags=((TagName=""Affix.Defense.Electric""))))","((GameplayTags=((TagName=""Character.Monster.Netherim.Netherling""),(TagName=""Character.Monster.Netherim.WarriorArmored""),(TagName=""Character.Monster.Netherim.Spellbreaker""),(TagName=""Character.Monster.Netherim.BruteSlugger""),(TagName=""Character.Monster.PhaseBeast""))))","(GameplayTags=((TagName=""Region.RedHavenCoast.EchonokMountains"")))","1.000000","1.000000","False",""
EM4_Interior3,"NSLOCTEXT(""AreaTable"", ""DCDB92B9404719FE12F2D4844A444D45"", ""Astral Gate"")","NSLOCTEXT(""AreaTable"", ""F87242794D1C12ADD6C418AF42B16C08"", ""Gateway"")","Map_EchoInteriorName","EM4","Progressive","/Game/Environments/Levels/echonok/rules/EM4_Interior3/Area_EM4_Interior3.Area_EM4_Interior3_C","3.000000","(RowName=""EM4_Interior2"")","(RowName=""EM4_Interior3a_boss"")","(RowName="""")","(RowName="""")","(RowName="""")","(RowName="""")","(RowName="""")","(RowName="""")","(RowName="""")","(RowName="""")","(RowName="""")","(RowName="""")","(RowName="""")","(RowName="""")","(RowName="""")","(RowName="""")","(RowName="""")","(RowName="""")","(RowName="""")","A3C4Q2:Task_GotoAstralGate","False","0","True","True","False","True","False","45.000000","0.990000","False","True","False","False","False","False","","False","False","","(RowName=""Traps_Echonok"")","(RowName=""SpawnMonsters_Netherling"")","/Game/Monsters/Blueprints/Spawner/MonsterSpawnerBase_Trap.MonsterSpawnerBase_Trap_C","45.000000","0.990000","0.000000","1.000000","1.000000","3000.000000","(TagName=""Element.Physical"")","(TagName=""Region.RedHavenCoast.EchonokMountains"")","(GameplayTags=)","(GameplayTags=)","(GameplayTags=)","(Map=())","(GameplayTags=((TagName=""Gadget.HarvestingNode.Metal.T1.RedHaven.Echonok.Interior""),(TagName=""Gadget.HarvestingNode.Stone.T1.RedHaven.Echonok.Interior""),(TagName=""Gadget.HarvestingNode.Wood.T1.RedHaven.Echonok.Interior""),(TagName=""Gadget.Shrine.Global""),(TagName=""Gadget.Shrine.Voltura""),(TagName=""Theme.Generic""),(TagName=""Theme.Echonok""),(TagName=""Gadget.Lore.LoreSkulls""),(TagName=""Gadget.Lore.EchoCrystal.EM4_Interior3"")))","(GameplayTags=)","(Map=())","1.000000","None","None","None","(RowName=""Skill_Potion"")","(RowName="""")","(RowName="""")","(X=0.000000,Y=0.000000)","True","False","True","True","False","False","(GameplayTags=)","(RowName="""")","(RowName="""")","(RowName="""")","(GameplayTags=)","0","(GameplayTags=)","0","(GameplayTags=)","((GameplayTags=((TagName=""Region.RedHavenCoast.EchonokMountains""))),(GameplayTags=((TagName=""Item.Lore.TorchlightHistory.7""))))","(GameplayTags=)","((GameplayTags=((TagName=""Affix.Effect.Electric""),(TagName=""Element.Electric""))),(GameplayTags=((TagName=""Affix.Defense.Electric""))))","((GameplayTags=((TagName=""Character.Monster.Netherim.Netherling""),(TagName=""Character.Monster.Netherim.WarriorArmored""),(TagName=""Character.Monster.Netherim.Brute""),(TagName=""Character.Monster.Netherim.Spellbreaker""),(TagName=""Character.Monster.Shadowbeast""),(TagName=""Character.Monster.PhaseBeast""))))","(GameplayTags=((TagName=""Region.RedHavenCoast.EchonokMountains"")))","1.000000","1.000000","False",""
EM4_Interior3a_boss,"NSLOCTEXT(""AreaTable"", ""737EA35E4C2F56D0047576B6139C8294"", ""Clockwork Core"")","NSLOCTEXT(""AreaTable"", ""AE05BD0949349EF825EAD797700914ED"", ""Clockwerk Kore"")","Map_EchoInteriorName","EM4","Progressive","/Game/Environments/Levels/echonok/rules/EM4_Interior3a_boss/Area_EM4_Interior3a_boss.Area_EM4_Interior3a_boss_C","1.000000","(RowName=""EM4_Interior3"")","(RowName="""")","(RowName="""")","(RowName="""")","(RowName="""")","(RowName="""")","(RowName="""")","(RowName="""")","(RowName="""")","(RowName="""")","(RowName="""")","(RowName="""")","(RowName="""")","(RowName="""")","(RowName="""")","(RowName="""")","(RowName="""")","(RowName="""")","(RowName="""")","A3C4Q2:Task_GotoClockworkCore","False","0","True","True","False","False","False","46.000000","0.000000","False","False","False","False","False","False","((RowName=""Ordrak""))","False","False","","(RowName=""Traps_Echonok"")","(RowName="""")","None","46.000000","0.000000","0.000000","1.000000","3.000000","3000.000000","(TagName=""Element.Physical"")","(TagName=""Region.RedHavenCoast.EchonokMountains"")","(GameplayTags=)","(GameplayTags=)","(GameplayTags=)","(Map=())","(GameplayTags=((TagName=""Gadget.HarvestingNode.Metal.T1.RedHaven.Echonok.Interior""),(TagName=""Gadget.HarvestingNode.Stone.T1.RedHaven.Echonok.Interior""),(TagName=""Gadget.HarvestingNode.Wood.T1.RedHaven.Echonok.Interior""),(TagName=""Gadget.Shrine.Global""),(TagName=""Gadget.Shrine.Voltura""),(TagName=""Theme.Generic""),(TagName=""Theme.Echonok""),(TagName=""Gadget.PetCage.HighChance"")))","(GameplayTags=)","(Map=())","1.000000","None","None","None","(RowName=""Skill_Potion"")","(RowName="""")","(RowName="""")","(X=0.000000,Y=0.000000)","True","False","False","True","False","False","(GameplayTags=((TagName=""Skill.Stuck"")))","(RowName="""")","(RowName="""")","(RowName="""")","(GameplayTags=)","0","(GameplayTags=)","0","(GameplayTags=)","((GameplayTags=((TagName=""Region.RedHavenCoast.EchonokMountains""))))","(GameplayTags=)","((GameplayTags=((TagName=""Affix.Effect.Electric""),(TagName=""Element.Electric""))),(GameplayTags=((TagName=""Affix.Defense.Electric""))))","","(GameplayTags=((TagName=""Region.RedHavenCoast.EchonokMountains"")))","1.000000","1.000000","False",""
GF2_Caves1_gc1_mapworks1,"NSLOCTEXT(""AreaTable"", ""AC5715DD4BD2CB6968FD4384BBC98C03"", ""Really Murky Cavern"")","NSLOCTEXT(""AreaTable"", ""9AC3807F40FAB8E1D20BA798AB78F8FC"", ""Really Really Murky Cavern"")","None","None","Progressive","/Game/Environments/Levels/Goblinland/rules/GF2_Cave1/Area_GF2_Cave1_gc1_mapworks1.Area_GF2_Cave1_gc1_mapworks1_C","3.000000","(RowName="""")","(RowName="""")","(RowName="""")","(RowName="""")","(RowName="""")","(RowName="""")","(RowName="""")","(RowName="""")","(RowName="""")","(RowName="""")","(RowName="""")","(RowName="""")","(RowName="""")","(RowName="""")","(RowName="""")","(RowName="""")","(RowName="""")","(RowName="""")","(RowName="""")","None","False","0","True","True","False","True","False","5.000000","2.000000","False","True","False","False","False","False","","False","False","","(RowName="""")","(RowName="""")","None","5.000000","2.000000","0.000000","1.000000","0.000000","3000.000000","(TagName="""")","(TagName="""")","(GameplayTags=)","(GameplayTags=)","(GameplayTags=)","(Map=())","(GameplayTags=)","(GameplayTags=)","(Map=())","1.000000","None","None","None","(RowName="""")","(RowName="""")","(RowName="""")","(X=0.000000,Y=0.000000)","True","False","True","True","False","False","(GameplayTags=)","(RowName="""")","(RowName="""")","(RowName="""")","(GameplayTags=)","0","(GameplayTags=)","0","(GameplayTags=)","","(GameplayTags=)","","","(GameplayTags=)","1.000000","1.000000","False",""
SpeedRun1,"NSLOCTEXT(""AreaTable"", ""05301EFE422125B2340ECD9988633EB8"", ""General Graye\'s Speed Sortie - The Cave"")","","None","SpeedRun1","Progressive","/Game/Environments/Levels/SpeedRun1/rules/Area_SpeedRun1.Area_SpeedRun1_C","1.000000","(RowName="""")","(RowName="""")","(RowName="""")","(RowName="""")","(RowName="""")","(RowName="""")","(RowName="""")","(RowName="""")","(RowName="""")","(RowName="""")","(RowName="""")","(RowName="""")","(RowName="""")","(RowName="""")","(RowName="""")","(RowName="""")","(RowName="""")","(RowName="""")","(RowName="""")","None","False","0","False","False","True","True","False","25.000000","0.000000","False","False","False","False","False","False","((RowName=""VolturaGunner_Rando_Boss""))","False","False","((RowName=""Blazing""))","(RowName="""")","(RowName="""")","None","25.000000","0.000000","0.000000","1.000000","0.000000","3000.000000","(TagName="""")","(TagName="""")","(GameplayTags=)","(GameplayTags=)","(GameplayTags=)","(Map=())","(GameplayTags=)","(GameplayTags=)","(Map=())","1.000000","None","None","None","(RowName="""")","(RowName="""")","(RowName="""")","(X=0.000000,Y=0.000000)","True","False","False","False","False","False","(GameplayTags=)","(RowName="""")","(RowName="""")","(RowName="""")","(GameplayTags=)","0","(GameplayTags=)","0","(GameplayTags=)","","(GameplayTags=)","","","(GameplayTags=)","1.000000","1.000000","False",""
SpecialForest1,"NSLOCTEXT(""AreaTable"", ""E8635711402078CCBE49ED9A0FE2891B"", ""Alpacalypse Farm"")","NSLOCTEXT(""AreaTable"", ""4F39B37C4134AE5EF442A68D747B7485"", ""Hidden Alpaca Ranch"")","None","Special_Progressive_Forest1","Progressive","/Game/Environments/Levels/Goblinland/rules/GF6_Forest2/Area_GF6_Forest2.Area_GF6_Forest2_C","4.000000","(RowName=""ImperialOutpost"")","(RowName=""SpecialForest1_boss"")","(RowName="""")","(RowName="""")","(RowName="""")","(RowName="""")","(RowName="""")","(RowName="""")","(RowName="""")","(RowName="""")","(RowName="""")","(RowName="""")","(RowName="""")","(RowName="""")","(RowName="""")","(RowName="""")","(RowName="""")","(RowName="""")","(RowName="""")","None","False","0","True","True","False","True","False","24.000000","0.000000","False","True","False","False","False","False","","False","False","","(RowName="""")","(RowName="""")","None","24.000000","0.000000","0.000000","1.000000","0.000000","3000.000000","(TagName="""")","(TagName=""Region.Special"")","(GameplayTags=)","(GameplayTags=)","(GameplayTags=)","(Map=())","(GameplayTags=((TagName=""Theme.Generic""),(TagName=""Gadget.Shrine.Global"")))","(GameplayTags=)","(Map=())","1.000000","None","None","None","(RowName=""Skill_Potion"")","(RowName="""")","(RowName="""")","(X=-20.000000,Y=20.000000)","True","False","True","True","False","False","(GameplayTags=)","(RowName="""")","(RowName="""")","(RowName="""")","(GameplayTags=)","0","(GameplayTags=)","0","(GameplayTags=)","((GameplayTags=((TagName=""Region.Special""))))","(GameplayTags=)","","((GameplayTags=((TagName=""Character.Monster.Alpaca""),(TagName=""Character.Monster.Global""))))","(GameplayTags=((TagName=""Region.Special"")))","1.000000","1.000000","False","There is no alpaca level."
SpecialForest1_boss,"NSLOCTEXT(""AreaTable"", ""919276D54D90C87BE3DE74AB2BA9CEE6"", ""Alpaca Sanctuary"")","NSLOCTEXT(""AreaTable"", ""F7E5FD874A9E64371F7C6B8DDF8D4141"", ""Abandoned Alpaca Ranch"")","None","Special_Progressive_Forest1","Progressive","/Game/Environments/Levels/Goblinland/rules/GF6_Forest2_boss/Area_GF6_Forest2_boss.Area_GF6_Forest2_boss_C","1.000000","(RowName=""SpecialForest1"")","(RowName="""")","(RowName="""")","(RowName="""")","(RowName="""")","(RowName="""")","(RowName="""")","(RowName="""")","(RowName="""")","(RowName="""")","(RowName="""")","(RowName="""")","(RowName="""")","(RowName="""")","(RowName="""")","(RowName="""")","(RowName="""")","(RowName="""")","(RowName="""")","None","False","0","True","True","False","False","False","24.000000","0.000000","False","True","False","False","False","False","((RowName=""Alpaca_Side_Boss""))","False","False","","(RowName="""")","(RowName="""")","None","24.000000","0.000000","0.000000","1.000000","0.000000","3000.000000","(TagName="""")","(TagName=""Region.Special"")","(GameplayTags=)","(GameplayTags=((TagName=""Character.Monster.Day"")))","(GameplayTags=((TagName=""Character.Monster.Night"")))","(Map=())","(GameplayTags=)","(GameplayTags=)","(Map=())","1.000000","None","None","None","(RowName=""Skill_Potion"")","(RowName="""")","(RowName="""")","(X=0.000000,Y=0.000000)","True","False","False","True","False","False","(GameplayTags=((TagName=""Skill.Portal""),(TagName=""Skill.Stuck"")))","(RowName="""")","(RowName="""")","(RowName="""")","(GameplayTags=)","0","(GameplayTags=)","0","(GameplayTags=)","((GameplayTags=((TagName=""Region.Special""))))","(GameplayTags=)","","((GameplayTags=((TagName=""Character.Monster.Alpaca""),(TagName=""Character.Monster.Global""))))","(GameplayTags=((TagName=""Region.Special"")))","1.000000","1.000000","False","There is no alpaca boss level."
Experiment1a,"NSLOCTEXT(""AreaTable"", ""B3824BF94C870AB0773E48AF1C6FB7BC"", ""Slime Arena"")","NSLOCTEXT(""AreaTable"", ""BA88372D489DEF92DA4DB292EA4EE67F"", ""Infested Cavern"")","None","Experiment1","Open","/Game/Environments/Levels/Goblinland/rules/IF3_Caves4_boss/Area_IF3_Caves4_ic2_boss.Area_IF3_Caves4_ic2_boss_C","1.000000","(RowName="""")","(RowName="""")","(RowName="""")","(RowName="""")","(RowName="""")","(RowName="""")","(RowName="""")","(RowName="""")","(RowName="""")","(RowName="""")","(RowName="""")","(RowName="""")","(RowName="""")","(RowName="""")","(RowName="""")","(RowName="""")","(RowName="""")","(RowName="""")","(RowName="""")","None","False","0","False","False","False","True","False","17.000000","17.000000","False","False","False","False","False","False","((RowName=""VespidCharger_Story_Boss""))","False","False","","(RowName="""")","(RowName="""")","None","17.000000","17.000000","0.000000","1.000000","0.000000","2500.000000","(TagName=""Element.Poison"")","(TagName=""Region.Event"")","(GameplayTags=)","(GameplayTags=)","(GameplayTags=)","(Map=())","(GameplayTags=)","(GameplayTags=)","(Map=())","1.000000","None","None","None","(RowName=""Skill_PoisonCurePotion"")","(RowName="""")","(RowName="""")","(X=-20.000000,Y=20.000000)","True","True","True","True","False","True","(GameplayTags=)","(RowName="""")","(RowName="""")","(RowName="""")","(GameplayTags=)","0","(GameplayTags=)","0","(GameplayTags=)","((GameplayTags=((TagName=""Region.GoblinIsle.InfestedForest""))))","(GameplayTags=)","((GameplayTags=((TagName=""Element.Poison""),(TagName=""Affix.Defense.Poison""),(TagName=""Affix.Effect.Poison""))))","((GameplayTags=((TagName=""Character.Monster.Global""))))","(GameplayTags=((TagName=""Region.GoblinIsle.InfestedForest"")))","1.000000","1.000000","False",""
Experiment1,"NSLOCTEXT(""AreaTable"", ""E3907C4D4964F762908D94808CF8C9B4"", ""Natural Selection"")","NSLOCTEXT(""AreaTable"", ""8301CBCD48C88DFC5F277497DD0FAD46"", ""Shrivelled Forest"")","None","Experiment1","Open","/Game/Environments/Levels/Goblinland/rules/IF1_Competitive1/Area_IF1_Competitive1.Area_IF1_Competitive1_C","1.000000","(RowName=""ImperialOutpost"")","(RowName=""Experiment1a"")","(RowName="""")","(RowName="""")","(RowName="""")","(RowName="""")","(RowName="""")","(RowName="""")","(RowName="""")","(RowName="""")","(RowName="""")","(RowName="""")","(RowName="""")","(RowName="""")","(RowName="""")","(RowName="""")","(RowName="""")","(RowName="""")","(RowName="""")","None","False","0","True","True","False","True","False","5.000000","5.000000","False","True","False","False","False","False","","False","False","","(RowName="""")","(RowName="""")","None","5.000000","5.000000","0.000000","1.000000","0.000000","3000.000000","(TagName=""Element.Poison"")","(TagName=""Region.Event"")","(GameplayTags=)","(GameplayTags=((TagName=""Character.Monster.Day"")))","(GameplayTags=)","(Map=())","(GameplayTags=((TagName=""Theme.Generic""),(TagName=""Theme.Infested.Full""),(TagName=""Gadget.HarvestingNode.Metal.T1.GoblinIsle""),(TagName=""Gadget.HarvestingNode.Stone.T1.GoblinIsle""),(TagName=""Gadget.HarvestingNode.Wood.T1.GoblinIsle.Infested""),(TagName=""Gadget.Shrine.Global""),(TagName=""Gadget.Shrine.Hyvid"")))","(GameplayTags=)","(Map=())","1.000000","None","None","None","(RowName=""Skill_PoisonCurePotion"")","(RowName="""")","(RowName="""")","(X=-20.000000,Y=20.000000)","True","False","True","True","False","True","(GameplayTags=)","(RowName="""")","(RowName="""")","(RowName="""")","(GameplayTags=)","0","(GameplayTags=)","0","(GameplayTags=)","((GameplayTags=((TagName=""Region.GoblinIsle.InfestedForest""))))","(GameplayTags=)","((GameplayTags=((TagName=""Element.Poison""),(TagName=""Affix.Defense.Poison""),(TagName=""Affix.Effect.Poison""))))","((GameplayTags=((TagName=""Character.Monster.Global""))))","(GameplayTags=((TagName=""Region.GoblinIsle.InfestedForest"")))","1.000000","1.000000","False",""
Experiment2,"NSLOCTEXT(""AreaTable"", ""5F564BA84E8D1BA4FA0740834E613C66"", ""Pools of Death"")","NSLOCTEXT(""AreaTable"", ""E0B5E97A4E71CF4A6F12CABC13F8D5DC"", ""Pools of Death"")","None","Experiment2","Open","/Game/Environments/Levels/Goblinland/rules/IF2_Competitive2/Area_InfestedForest2_Competitive.Area_InfestedForest2_Competitive_C","1.000000","(RowName=""ImperialOutpost"")","(RowName="""")","(RowName="""")","(RowName="""")","(RowName="""")","(RowName="""")","(RowName="""")","(RowName="""")","(RowName="""")","(RowName="""")","(RowName="""")","(RowName="""")","(RowName="""")","(RowName="""")","(RowName="""")","(RowName="""")","(RowName="""")","(RowName="""")","(RowName="""")","None","False","0","True","True","False","True","False","10.000000","10.000000","False","True","False","False","False","False","","False","False","","(RowName="""")","(RowName="""")","None","10.000000","10.000000","0.000000","1.000000","0.000000","3000.000000","(TagName=""Element.Poison"")","(TagName=""Region.Event"")","(GameplayTags=)","(GameplayTags=((TagName=""Character.Monster.Day"")))","(GameplayTags=)","(Map=())","(GameplayTags=((TagName=""Theme.Generic""),(TagName=""Theme.Infested.Full"")))","(GameplayTags=)","(Map=())","1.000000","None","None","None","(RowName=""Skill_PoisonCurePotion"")","(RowName="""")","(RowName="""")","(X=-20.000000,Y=20.000000)","True","True","True","True","False","True","(GameplayTags=)","(RowName="""")","(RowName="""")","(RowName="""")","(GameplayTags=)","0","(GameplayTags=)","0","(GameplayTags=)","((GameplayTags=((TagName=""Region.GoblinIsle.InfestedForest""))))","(GameplayTags=)","((GameplayTags=((TagName=""Element.Poison""),(TagName=""Affix.Defense.Poison""),(TagName=""Affix.Effect.Poison""))))","((GameplayTags=((TagName=""Character.Monster.Global""))))","(GameplayTags=((TagName=""Region.GoblinIsle.InfestedForest"")))","1.000000","1.000000","True",""
BrallBossTest,"NSLOCTEXT(""AreaTable"", ""71D013FC4B837A4BC9822DB607CFB406"", ""BrallBossTest"")","","None","None","Progressive","/Game/Environments/Levels/Debug/DevArea/rules/Area_DevArea_Test.Area_DevArea_Test_C","1.000000","(RowName="""")","(RowName="""")","(RowName="""")","(RowName="""")","(RowName="""")","(RowName="""")","(RowName="""")","(RowName="""")","(RowName="""")","(RowName="""")","(RowName="""")","(RowName="""")","(RowName="""")","(RowName="""")","(RowName="""")","(RowName="""")","(RowName="""")","(RowName="""")","(RowName="""")","None","False","0","True","True","True","True","False","16.000000","1.000000","False","True","False","False","False","False","","False","False","","(RowName="""")","(RowName="""")","None","16.000000","1.000000","0.000000","1.000000","1.000000","3000.000000","(TagName="""")","(TagName="""")","(GameplayTags=)","(GameplayTags=)","(GameplayTags=)","(Map=())","(GameplayTags=)","(GameplayTags=)","(Map=())","1.000000","None","None","None","(RowName="""")","(RowName="""")","(RowName="""")","(X=0.000000,Y=0.000000)","True","False","True","True","False","False","(GameplayTags=((TagName=""Skill.Stuck"")))","(RowName="""")","(RowName="""")","(RowName="""")","(GameplayTags=)","0","(GameplayTags=)","0","(GameplayTags=)","","(GameplayTags=)","","","(GameplayTags=)","1.000000","1.000000","False",""
ShrineTestingArea,"NSLOCTEXT(""AreaTable"", ""3B9171164890F7AA27F6D38D9FCE693A"", ""Land \'O Shrines"")","NSLOCTEXT(""AreaTable"", ""D2662C26467D244BF9704EBBC60CCAFE"", ""And Breakables"")","None","None","Progressive","/Game/Environments/Levels/Goblinland/rules/ShrineTestingAreaQA/Area_ShrineTestingAreaQA.Area_ShrineTestingAreaQA_C","1.000000","(RowName="""")","(RowName="""")","(RowName="""")","(RowName="""")","(RowName="""")","(RowName="""")","(RowName="""")","(RowName="""")","(RowName="""")","(RowName="""")","(RowName="""")","(RowName="""")","(RowName="""")","(RowName="""")","(RowName="""")","(RowName="""")","(RowName="""")","(RowName="""")","(RowName="""")","None","False","0","True","True","False","True","False","5.000000","2.000000","False","True","False","False","False","False","","False","False","","(RowName=""Traps_Hyvid"")","(RowName="""")","None","1.000000","2.000000","0.000000","1.000000","1.000000","3000.000000","(TagName="""")","(TagName="""")","(GameplayTags=)","(GameplayTags=)","(GameplayTags=)","(Map=())","(GameplayTags=)","(GameplayTags=)","(Map=())","1.000000","None","None","None","(RowName="""")","(RowName="""")","(RowName="""")","(X=0.000000,Y=0.000000)","True","False","True","True","False","False","(GameplayTags=)","(RowName="""")","(RowName="""")","(RowName="""")","(GameplayTags=)","0","(GameplayTags=)","0","(GameplayTags=)","","(GameplayTags=)","","","(GameplayTags=)","1.000000","1.000000","False",""
